0,4
4,0
4,4
1,0
9,64
100,81
49,49
64,64
49,9
0,0
1,16
64,81
64,25
9,1
1,4
1,1
1,81
225,324
256,121
49,16
9,0
4,9
1,0
0,0
1,4
25,64
64,36
16,4
4,100
196,169
100,36
4,0
4,25
36,1
25,121
169,196
121,36
0,16
25,36
36,16
9,9
9,9
0,25
36,9
0,9
64,144
81,1
9,9
1,36
100,100
64,25
16,9
9,0
1,0
0,0
1,4
64,196
196,49
1,1
0,4
0,25
144,169
121,49
25,9
16,16
16,9
4,9
36,100
81,4
4,9
25,16
9,1
1,0
1,1
0,0
4,4
4,9
0,0
4,4
9,4
4,9
49,100
121,121
121,144
144,100
49,1
9,49
64,64
49,16
9,9
4,1
1,4
9,1
1,9
25,49
49,64
81,36
4,0
0,0
4,25
81,196
169,36
1,4
1,0
0,1
16,36
36,49
49,49
16,0
25,49
36,16
4,1
9,49
49,25
4,0
4,49
64,49
16,1
0,1
1,1
1,0
1,1
1,1
16,49
49,49
4,16
49,36
9,0
4,25
49,81
81,49
25,4
0,9
36,49
16,4
0,9
25,25
25,16
16,9
16,16
16,4
0,1
16,16
25,25
9,1
25,144
144,64
25,25
36,36
25,9
4,0
4,25
36,25
9,1
0,0
0,1
4,1
4,25
49,64
25,4
0,1
0,49
100,64
36,16
4,0
9,1
1,1
1,1
1,0
1,9
9,4
1,0
0,0
0,1
16,64
81,36
16,4
1,0
1,4
4,1
0,0
1,4
4,1
1,9
9,9
4,0
1,4
1,1
0,1
4,9
25,36
36,49
64,81
64,9
0,0
16,1
4,25
36,25
16,9
4,0
4,25
36,49
81,121
64,9
4,16
9,0
0,4
4,0
4,36
64,49
9,0
0,4
9,1
0,0
0,4
1,0
0,0
1,0
1,1
0,4
16,36
49,64
100,100
100,100
36,0
4,9
0,0
16,64
64,25
4,1
0,1
4,9
9,0
4,9
9,9
16,49
100,144
169,196
144,81
36,9
0,0
1,16
16,16
16,16
16,16
16,1
1,9
25,25
16,4
9,16
9,4
0,4
4,1
36,121
81,25
0,25
36,36
4,0
4,4
16,49
64,49
25,25
16,36
25,9
4,1
1,0
0,0
0,0
1,1
4,1
1,9
16,1
4,9
4,4
4,4
4,9
25,100
100,36
1,1
25,25
9,1
16,25
49,64
64,64
49,36
25,9
1,36
64,49
25,1
0,9
36,64
64,36
9,1
4,36
81,81
81,25
1,25
121,289
361,225
64,9
1,0
0,1
0,1
9,25
4,4
16,9
1,81
81,4
25,49
36,0
4,4
9,9
25,16
1,1
16,25
25,16
16,0
36,64
49,64
64,64
25,1
16,100
81,9
16,100
324,676
576,256
36,1
49,100
100,36
1,1
9,16
4,4
49,49
16,0
0,0
1,25
64,81
121,81
25,1
81,169
100,16
0,1
1,0
0,4
49,225
361,361
196,64
25,16
16,25
1,25
144,324
324,144
16,9
64,64
36,25
16,36
25,25
9,16
9,4
0,16
9,0
49,144
64,0
9,1
1,1
1,4
1,0
1,9
16,25
16,25
16,16
4,4
0,0
9,64
36,0
16,9
4,1
1,49
144,196
121,16
1,25
16,1
0,4
16,16
16,9
1,1
16,64
144,196
225,324
324,324
144,0
100,289
324,144
49,25
36,16
1,0
0,9
9,0
9,16
25,81
121,121
169,169
100,36
1,9
49,64
49,36
25,1
0,1
36,144
289,324
225,169
49,0
36,64
81,49
25,9
1,1
16,25
25,36
49,64
49,9
4,81
169,100
36,1
1,25
81,144
121,64
25,4
1,4
64,121
49,4
196,625
400,25
1,4
16,9
0,16
25,25
16,9
1,0
0,0
4,25
49,100
25,4
36,9
0,0
1,4
1,1
9,25
36,81
81,100
100,81
81,25
1,4
25,36
36,16
4,4
36,64
36,0
9,81
225,225
121,25
1,1
1,0
9,16
16,25
9,0
4,4
1,1
0,4
16,4
1,4
9,9
9,16
25,64
81,121
100,49
0,49
64,9
1,9
4,0
0,4
16,49
81,49
1,25
121,100
81,81
64,64
36,16
9,0
0,1
4,9
0,0
0,0
0,0
0,1
0,4
1,9
1,25
100,100
25,1
16,16
4,1
9,9
16,25
25,16
16,9
1,1
4,4
1,9
16,16
16,1
0,0
16,169
256,121
64,100
256,441
256,4
121,361
256,49
1,0
0,0
1,9
4,0
1,4
4,0
1,1
4,25
16,9
1,4
4,16
36,36
36,16
25,36
25,9
16,16
1,16
49,49
16,0
49,121
81,25
0,25
1,25
16,0
1,1
9,4
4,16
16,16
4,0
1,4
1,16
64,100
64,4
1,1
0,1
4,1
0,0
1,4
49,81
100,64
25,1
0,0
4,25
64,121
144,121
64,16
4,1
16,64
81,64
100,100
81,36
0,49
121,100
81,36
4,0
4,9
1,1
9,9
0,49
144,169
196,256
100,0
1,4
0,9
64,144
144,36
9,0
0,0
9,64
256,576
576,324
64,0
9,4
36,169
196,16
25,25
1,4
9,0
0,25
121,256
169,4
36,169
225,121
144,289
324,324
196,100
1,100
361,361
121,1
169,324
144,4
36,36
9,9
4,4
0,0
4,16
9,1
1,9
16,4
16,36
64,81
81,64
16,0
0,9
4,0
25,81
64,81
64,16
0,25
81,100
16,9
49,16
1,100
324,484
441,324
81,0
16,16
36,121
169,196
100,9
9,49
100,100
64,49
16,4
1,1
0,1
1,9
4,1
4,16
36,64
36,36
81,64
16,0
16,196
289,121
1,100
225,225
121,1
4,0
0,0
1,16
25,16
16,4
1,4
0,1
9,36
49,49
36,81
169,256
441,529
256,9
49,144
196,196
121,49
25,4
1,0
4,9
16,9
25,64
81,81
16,0
9,1
0,4
4,0
0,1
0,4
49,81
64,36
36,64
25,0
49,169
144,64
1,16
36,25
4,0
0,1
25,64
81,64
49,25
16,16
4,0
9,81
64,4
16,81
64,36
9,0
0,1
0,25
81,121
36,36
196,225
100,16
16,100
144,81
0,121
256,196
121,25
4,121
361,441
289,121
25,0
4,25
49,64
25,1
1,9
16,4
1,1
0,9
25,9
4,9
9,9
9,169
225,144
81,36
36,25
4,4
4,0
16,36
36,36
36,36
16,1
1,4
9,1
4,49
169,361
324,121
4,49
169,225
225,225
144,49
4,0
1,0
0,9
25,36
16,0
16,49
100,121
36,0
16,16
0,49
81,64
64,121
144,81
9,9
49,100
144,225
196,25
9,49
25,1
1,9
0,9
36,49
49,49
25,16
9,25
81,196
256,169
49,1
49,16
16,36
64,36
1,1
9,4
4,1
0,4
36,49
16,0
16,81
225,484
400,196
49,1
25,16
25,81
81,36
4,0
0,0
1,0
4,16
36,49
49,36
36,16
4,1
0,0
0,4
9,16
64,81
144,196
64,0
49,100
100,49
4,0
0,1
1,1
1,4
4,1
16,81
144,100
36,4
9,64
169,100
4,9
25,16
1,4
16,49
36,9
1,0
4,36
64,49
16,0
9,16
4,0
4,49
81,64
36,25
16,25
25,25
9,0
9,16
25,49
25,9
9,9
4,1
16,49
100,196
196,169
100,9
1,16
36,36
4,1
16,25
9,0
4,25
36,25
1,1
9,9
0,1
0,1
25,169
324,400
256,49
1,0
0,0
9,25
36,36
36,16
16,16
0,25
100,64
36,1
0,4
4,4
1,0
0,0
1,9
25,64
49,25
0,49
121,169
289,400
441,361
169,9
4,16
25,25
36,64
64,49
25,9
4,0
1,16
25,49
49,4
9,25
9,4
0,4
9,64
81,100
64,36
25,16
9,4
0,0
0,0
0,1
16,25
9,1
25,16
9,9
4,1
9,1
4,49
81,64
4,1
1,0
1,0
0,0
1,4
4,1
1,0
4,25
81,144
81,1
25,16
0,9
25,36
16,1
1,4
16,36
9,1
16,36
16,1
16,16
4,100
121,36
4,4
4,4
9,9
1,1
16,64
64,16
0,16
64,121
100,36
16,16
9,16
9,1
0,1
1,1
1,16
16,49
64,49
4,16
49,36
36,25
36,25
4,1
25,49
49,36
36,64
64,49
9,9
25,16
1,16
81,144
100,25
16,16
0,25
64,36
9,0
1,0
1,1
1,1
1,9
36,49
81,121
49,1
49,64
16,0
9,9
4,1
16,9
1,1
9,9
9,9
9,9
16,25
36,64
121,121
81,4
16,81
64,4
4,9
9,4
1,0
0,1
1,1
0,16
16,1
4,36
64,81
100,81
49,25
0,25
49,25
4,0
4,4
0,1
9,16
36,64
16,4
4,4
49,144
81,9
9,49
36,25
25,16
1,4
25,64
81,64
64,64
16,0
16,25
25,4
1,9
1,4
4,9
81,121
81,9
1,4
25,81
64,4
4,9
25,100
144,144
25,4
81,100
49,16
1,1
4,64
100,49
36,49
36,1
0,1
4,4
1,4
9,4
4,0
0,1
4,1
1,16
64,100
49,16
1,4
36,81
49,16
16,25
36,36
16,1
0,1
16,49
64,81
36,1
1,4
1,1
9,36
100,169
100,1
36,81
64,25
16,25
16,25
36,100
144,121
25,4
49,36
49,81
49,25
0,36
169,289
289,144
36,1
0,1
9,16
0,49
100,100
64,49
25,4
0,0
4,36
64,100
64,4
0,0
16,121
144,49
9,4
36,81
49,9
0,9
9,9
1,1
4,9
9,4
1,0
1,4
0,4
16,4
0,16
49,64
49,16
16,64
64,49
4,9
64,100
81,16
1,25
81,144
196,256
196,100
36,16
0,16
64,100
64,25
4,0
4,4
4,0
1,16
25,16
1,4
9,4
0,1
9,9
16,16
16,49
36,1
4,16
36,16
1,0
9,25
25,49
81,81
81,49
9,0
25,49
49,4
4,36
49,49
64,100
81,36
36,64
9,36
144,196
64,1
9,36
1,9
64,49
16,0
36,81
64,25
4,0
0,25
36,4
0,0
36,100
144,196
121,64
9,9
49,49
16,1
1,0
1,4
4,0
0,4
9,9
9,9
9,4
1,0
0,0
1,9
36,64
25,0
25,144
196,144
121,121
169,144
81,4
0,4
16,16
9,9
9,4
9,36
49,25
1,16
64,121
144,144
100,64
36,4
4,64
121,64
9,4
9,36
25,9
0,81
289,324
225,196
196,256
81,16
49,36
25,16
9,4
1,9
4,4
0,4
9,25
36,36
16,1
64,81
64,49
49,49
49,25
4,0
0,9
16,25
16,16
9,1
0,9
16,25
9,1
16,25
25,49
49,49
36,16
1,49
144,169
225,324
289,121
4,16
25,16
9,16
25,36
25,1
1,0
1,1
36,100
100,25
1,4
16,64
36,0
16,49
9,9
100,196
196,100
4,9
36,9
0,0
0,0
1,1
1,4
16,9
9,9
0,36
100,121
64,4
4,36
81,81
49,16
0,4
25,36
16,1
1,9
9,9
0,16
64,121
121,100
25,9
9,4
25,25
9,0
4,9
0,16
16,1
49,121
64,9
9,121
196,144
121,81
25,16
4,4
1,1
1,9
25,64
81,81
1,49
25,36
64,9
64,576
841,625
256,36
4,0
49,256
400,400
121,0
9,4
4,9
100,400
484,225
49,0
9,16
16,9
0,0
0,1
9,4
4,9
16,16
1,64
144,121
64,16
0,9
25,81
36,4
81,196
169,36
16,49
64,121
49,0
36,25
25,36
36,25
4,4
36,36
16,1
4,36
49,16
4,0
1,0
1,9
4,1
16,36
25,4
1,4
9,49
100,121
100,64
25,0
16,36
64,100
36,1
100,256
144,1
16,324
484,169
0,81
144,144
81,36
64,100
121,144
16,64
225,256
169,121
169,361
256,49
0,25
36,25
9,4
1,1
0,4
4,0
1,4
0,9
1,0
9,16
0,25
9,0
1,0
0,0
36,256
529,729
484,196
100,81
16,16
121,169
121,49
16,16
36,36
36,9
1,0
1,4
16,81
100,36
9,9
16,16
0,16
25,9
4,4
1,0
0,0
16,49
121,196
144,81
49,25
9,4
9,9
9,4
0,0
9,16
16,16
9,4
0,4
9,9
9,16
16,1
0,9
49,100
100,81
16,9
64,100
81,25
16,9
4,9
1,4
16,36
81,144
144,25
4,4
16,64
121,169
64,1
1,0
4,0
0,4
4,9
49,100
169,196
81,1
4,16
16,16
100,289
289,81
9,1
1,9
16,25
16,0
9,81
25,16
289,676
361,1
64,49
16,4
25,36
16,9
1,1
9,9
1,1
25,64
36,0
49,100
49,1
0,16
81,121
81,4
0,4
16,64
64,36
9,4
1,0
1,16
25,25
1,9
36,81
64,36
16,4
0,1
16,49
49,25
9,1
1,9
49,144
100,16
16,100
81,25
25,16
1,1
0,25
36,1
36,100
169,196
225,289
324,400
324,100
0,64
196,225
144,36
25,16
16,36
16,0
9,0
1,25
121,225
256,196
49,1
36,81
81,36
25,49
100,100
36,0
196,841
729,196
9,0
25,225
289,64
0,36
100,100
81,81
49,25
9,0
0,0
1,9
9,144
289,256
121,16
1,0
1,4
9,1
1,9
16,9
4,1
1,1
1,4
4,1
0,1
1,0
0,0
0,4
0,16
49,100
121,121
81,49
16,1
1,25
9,0
16,81
49,4
121,289
289,225
25,144
441,576
400,169
36,1
0,4
9,4
25,25
25,16
4,1
4,4
36,64
81,25
0,4
16,25
36,81
144,225
225,64
4,1
1,4
0,25
36,1
25,100
121,64
9,1
9,0
1,16
25,36
36,49
9,16
144,289
225,81
36,64
36,4
4,36
25,4
1,9
16,9
4,0
4,16
16,4
9,16
36,64
64,36
25,25
9,1
25,36
9,0
9,49
64,36
0,81
100,16
25,169
81,0
1,0
9,25
9,0
4,25
49,16
1,1
1,16
49,64
16,0
4,4
81,256
225,25
0,9
36,36
16,4
49,49
25,36
36,25
9,16
49,25
1,1
16,81
100,64
49,9
1,16
36,36
49,81
49,16
0,64
196,289
169,64
0,36
49,16
0,16
36,36
25,4
1,0
1,9
49,81
25,4
9,0
9,9
1,81
81,4
0,1
1,4
36,81
64,16
9,64
169,324
169,0
64,121
81,4
1,1
16,49
64,49
0,36
121,121
81,64
64,81
25,1
4,1
49,144
144,49
1,0
9,36
81,81
25,0
4,4
1,1
1,0
0,1
0,1
0,0
0,0
0,0
1,36
81,100
100,36
16,9
1,16
4,64
361,576
400,49
9,100
121,100
81,81
49,9
4,4
1,0
0,1
0,9
16,0
4,49
144,169
144,169
169,100
16,16
100,121
64,25
4,0
0,1
1,0
16,144
196,144
49,1
0,4
0,16
36,9
4,1
16,81
25,4
36,25
16,25
49,36
4,9
25,16
9,4
0,0
4,36
49,100
144,196
196,64
4,16
64,49
9,0
4,9
0,16
49,81
81,49
4,25
100,169
169,144
144,169
64,0
36,64
25,0
16,4
4,49
25,4
64,81
49,16
25,256
196,36
36,256
100,16
4,121
361,441
169,0
9,0
9,25
4,0
16,81
121,81
49,25
9,16
25,1
9,36
25,0
16,324
576,625
484,289
36,9
64,100
81,16
0,0
9,16
16,25
4,16
49,16
16,36
64,64
25,0
25,81
121,121
16,1
0,25
64,64
9,1
16,4
0,0
1,9
25,25
36,100
100,64
16,4
100,225
256,196
36,0
36,225
324,289
484,1024
900,361
25,81
289,225
64,1
0,4
81,256
484,529
324,49
25,196
400,361
196,64
25,36
25,25
9,1
1,1
0,4
36,100
49,1
16,144
256,361
256,81
25,49
16,0
16,25
25,36
100,144
121,64
16,0
16,64
169,256
225,81
36,25
9,1
9,81
121,49
16,1
4,64
289,729
900,441
49,9
144,289
256,81
4,1
4,9
25,36
25,16
0,16
25,25
36,36
36,25
1,25
64,100
144,196
144,49
1,9
4,1
9,9
0,4
9,9
4,0
9,36
36,25
25,16
4,0
4,4
4,81
121,49
9,0
4,4
1,25
25,4
0,0
9,100
100,25
4,81
100,64
25,16
49,121
100,25
0,49
121,121
121,225
225,169
324,529
529,400
64,49
324,289
169,81
49,49
36,16
9,9
25,25
25,9
0,1
9,25
64,144
225,196
169,144
144,100
36,4
4,49
100,81
121,256
289,196
1,289
1024,1600
1089,361
64,4
4,25
25,49
36,16
9,16
25,36
81,121
169,144
9,64
196,169
49,0
0,49
169,196
121,36
16,1
0,4
4,1
9,16
9,4
64,81
49,16
4,0
0,1
4,9
4,0
4,64
100,64
25,1
1,25
4,25
16,9
225,676
289,9
484,1369
1369,900
441,121
0,144
121,25
0,0
4,64
121,121
144,225
196,81
9,4
49,100
196,361
361,225
36,9
36,9
4,4
25,64
64,16
16,225
441,400
256,144
16,9
36,49
9,4
64,144
64,4
9,144
225,121
16,625
729,169
0,49
9,1
9,1
0,0
4,36
9,0
9,16
36,49
100,169
121,25
16,144
256,289
169,49
36,441
625,441
400,576
784,784
484,169
1,64
225,324
324,324
324,256
196,100
25,0
36,100
64,9
0,0
16,64
64,4
0,1
16,81
144,81
1,16
49,49
1,25
64,64
81,49
16,0
4,1
0,1
1,1
0,0
9,9
9,16
9,9
16,9
9,4
1,0
16,81
100,81
16,0
25,81
225,484
625,529
225,9
1,0
0,25
81,121
100,49
16,9
9,9
9,0
0,0
4,4
0,25
81,100
81,64
49,36
9,1
1,25
25,9
0,1
1,1
0,1
1,1
1,16
9,0
25,81
16,16
100,169
64,0
1,1
16,4
1,16
16,4
4,49
121,64
25,16
4,0
1,4
16,49
49,16
0,9
16,25
25,25
25,4
0,0
4,9
9,4
1,1
9,64
100,121
100,121
144,121
25,9
49,25
0,16
36,49
36,1
1,25
25,4
4,81
121,49
16,16
36,36
0,49
49,16
1,49
9,49
225,324
169,25
1,25
36,4
1,0
4,9
4,0
0,1
4,4
9,16
16,4
9,64
49,25
49,169
196,49
0,25
49,36
16,9
4,1
0,1
0,0
0,4
16,49
64,100
81,49
4,4
16,1
0,1
9,1
1,25
64,49
49,16
0,1
1,16
16,4
1,1
4,9
1,0
0,4
9,4
0,9
25,16
9,4
1,0
9,64
196,324
144,9
121,784
1225,900
784,900
1024,729
121,100
400,441
441,400
289,196
121,100
64,81
64,81
81,81
9,25
196,361
361,256
225,144
100,121
144,100
16,1
49,64
64,49
1,9
49,100
196,256
100,1
36,100
81,49
64,100
49,0
36,144
196,196
196,196
121,16
1,49
100,144
144,121
81,49
0,64
324,625
625,324
169,121
36,9
144,289
289,289
121,9
4,25
36,36
25,16
16,36
25,9
0,0
0,0
1,1
0,0
0,0
4,4
0,1
1,0
16,81
81,25
1,4
0,49
100,64
9,4
9,1
4,4
1,16
36,9
1,0
1,4
9,4
1,0
0,4
9,25
25,9
0,16
25,1
0,9
25,100
196,289
225,121
16,1
25,36
16,16
25,49
36,25
9,0
1,9
25,16
4,4
4,4
4,4
16,64
121,100
64,16
0,16
36,25
25,9
16,16
25,36
1,36
196,324
400,400
324,324
64,121
484,400
225,81
9,25
144,225
144,36
9,1
9,16
9,4
1,1
4,36
36,16
4,64
121,144
144,196
196,169
25,16
64,36
4,1
0,9
16,25
9,1
4,1
9,25
36,25
36,25
16,9
4,1
4,25
64,36
1,4
9,9
9,16
16,4
1,25
25,9
4,9
9,4
9,16
25,9
1,49
81,36
0,100
256,256
121,81
49,16
1,36
81,49
16,1
0,9
25,25
0,81
196,169
64,9
1,0
0,1
0,1
16,36
25,16
1,1
4,1
1,1
16,81
121,64
4,4
16,36
36,4
1,1
0,4
16,36
25,1
36,196
289,256
256,196
100,36
4,1
4,0
4,9
0,36
100,121
121,64
25,9
0,4
36,81
100,144
144,144
49,0
1,0
1,0
4,9
9,4
1,0
4,4
4,4
4,1
4,16
25,36
16,9
1,0
0,0
1,4
0,0
1,4
16,25
36,64
81,36
9,0
0,0
4,16
25,9
0,9
25,25
16,0
9,36
16,4
0,0
0,4
25,100
100,25
4,81
144,196
169,121
144,196
121,16
1,4
16,16
16,36
25,1
0,4
1,36
64,49
9,1
36,100
121,100
121,100
64,16
0,0
0,0
1,16
16,1
4,25
25,9
1,1
0,0
4,16
25,9
1,0
1,4
4,4
9,16
81,196
225,144
36,1
4,49
121,144
100,36
9,4
0,4
4,4
9,1
1,9
36,81
81,64
4,25
64,100
64,9
1,25
64,121
144,121
36,16
1,4
4,9
9,4
1,0
1,0
4,25
16,4
0,0
0,0
0,1
1,1
0,0
0,0
0,1
4,0
4,25
49,64
64,36
25,25
16,9
1,0
1,9
9,16
25,25
16,1
0,9
16,36
49,100
144,121
81,25
4,1
0,1
0,1
4,9
16,25
36,49
9,16
36,36
25,16
49,169
256,169
81,16
4,0
1,9
16,16
16,4
0,0
0,1
1,1
4,4
4,1
16,49
49,36
49,36
25,9
1,0
0,1
1,1
0,4
9,9
1,9
36,64
64,36
16,4
1,0
1,1
4,1
0,9
16,4
4,9
9,9
9,16
9,9
1,0
0,0
0,1
0,0
1,4
9,9
9,9
9,9
0,0
0,1
0,1
4,9
4,1
9,36
25,1
0,0
0,0
1,1
0,0
4,25
36,49
25,4
0,4
9,25
16,9
0,9
64,81
121,100
49,9
1,25
16,9
0,4
16,25
25,25
16,16
9,9
1,0
1,1
1,0
1,4
4,4
9,25
4,0
16,64
100,169
256,256
169,64
4,4
16,25
16,4
9,25
25,25
16,1
1,9
16,25
25,16
4,0
1,1
1,0
1,4
25,64
64,36
25,64
121,100
25,0
1,0
1,0
1,9
9,4
9,9
9,1
0,1
4,1
0,0
1,4
16,81
144,121
36,0
4,4
4,4
4,4
4,9
4,1
25,81
100,100
64,121
196,196
64,1
25,49
36,16
4,4
4,4
9,4
1,1
1,4
9,4
0,4
25,81
64,25
9,4
9,9
16,25
36,64
36,16
25,64
81,64
25,0
64,225
225,81
16,0
9,64
81,36
25,49
49,25
16,4
4,1
1,0
4,16
25,25
36,36
25,16
0,9
49,81
100,81
81,81
81,36
4,0
9,16
25,16
4,1
0,1
9,36
64,100
121,144
100,25
1,1
4,9
25,4
0,4
1,1
0,1
0,0
0,0
0,1
4,4
1,0
0,0
9,36
81,100
64,16
4,9
9,1
9,64
81,16
0,1
4,4
16,100
169,169
36,0
9,4
4,1
1,4
4,16
16,4
1,25
64,100
64,9
1,0
0,4
4,4
4,4
4,9
9,25
25,9
0,0
1,4
4,0
4,4
4,4
25,81
100,64
36,25
1,16
25,9
9,16
9,9
16,9
9,4
0,0
0,4
25,25
1,49
225,400
441,289
169,81
25,0
9,49
49,49
36,25
9,0
16,25
25,36
81,196
225,100
9,4
36,49
49,9
4,36
64,36
1,1
4,16
16,16
9,25
16,4
1,0
16,49
100,81
36,16
4,1
0,0
0,4
1,4
36,49
16,4
121,400
529,484
400,361
121,0
36,121
169,169
100,64
36,49
36,4
0,4
4,4
4,0
1,9
49,81
121,121
100,81
9,9
49,64
36,4
0,16
49,81
100,100
81,25
0,4
25,36
64,49
4,1
25,81
36,0
1,0
25,144
81,4
9,36
0,121
196,81
9,1
9,9
16,16
16,16
16,1
9,36
81,100
169,121
16,1
9,16
25,36
36,4
9,100
81,4
4,0
16,81
81,36
0,9
9,0
49,169
100,1
36,121
169,225
225,144
1,144
484,676
576,256
100,36
4,1
25,49
36,0
81,196
225,225
196,144
49,0
36,169
256,289
256,81
4,16
9,1
16,49
16,0
25,49
64,36
49,81
169,196
121,36
16,25
25,0
25,100
256,441
441,225
49,1
1,9
100,361
529,324
144,25
1,25
64,64
100,169
100,9
36,324
441,256
169,144
169,169
144,49
0,81
169,81
36,4
0,4
0,1
0,25
25,0
81,225
100,16
1,16
81,100
64,16
0,36
169,324
256,81
1,49
100,64
1,36
64,36
25,25
1,4
49,169
64,4
121,196
81,4
4,100
144,100
4,49
81,36
4,0
0,1
25,64
64,36
16,4
0,4
25,9
0,0
1,49
64,25
1,4
4,1
25,25
4,0
4,9
1,9
36,81
81,9
1,9
16,25
49,100
49,0
64,324
529,441
400,361
121,0
81,169
196,196
121,16
4,25
25,9
4,0
4,25
49,64
0,169
361,361
169,4
0,16
64,64
25,0
9,36
81,169
196,196
121,9
9,121
361,441
400,441
225,36
9,1
1,36
49,49
36,9
1,0
1,0
64,225
256,64
1,121
196,121
36,9
4,1
4,9
16,49
81,144
169,121
49,9
1,0
0,1
0,0
9,81
64,1
0,0
16,49
1,144
400,400
81,16
100,25
0,0
0,1
4,25
36,4
0,16
49,121
64,0
9,1
0,0
25,100
144,100
25,1
0,1
4,1
4,9
25,100
144,81
16,4
0,1
9,25
36,25
16,36
25,16
36,81
100,49
81,784
1225,1369
1156,484
196,196
36,25
144,289
256,169
144,121
121,144
169,144
36,0
4,4
1,36
4,36
169,256
289,196
121,81
9,36
144,144
25,25
169,169
49,1
0,16
100,324
225,1
100,144
0,324
484,121
1,121
16,144
256,49
1,81
144,100
64,100
225,361
361,169
36,9
9,121
441,1089
961,256
81,196
324,324
81,16
169,324
225,64
16,25
49,25
4,0
25,36
36,25
36,64
25,0
4,0
16,25
4,1
1,1
9,4
0,1
4,1
4,9
9,4
9,81
100,36
16,36
36,25
25,36
16,16
9,4
0,4
16,36
36,4
0,4
9,16
16,4
1,1
0,1
9,36
36,25
36,25
9,16
4,0
0,1
9,9
0,25
121,144
25,16
64,4
16,25
4,0
9,9
9,9
0,16
36,4
1,36
16,0
4,1
16,169
324,441
400,225
64,4
4,64
81,64
49,36
25,16
4,1
1,1
4,25
49,9
1,9
49,196
361,441
121,36
100,0
49,121
144,81
4,25
64,36
16,0
16,16
25,25
9,0
16,64
64,25
1,4
1,0
25,169
289,324
169,36
9,16
9,0
36,100
196,400
441,361
100,16
225,400
1156,2601
2116,729
36,121
400,441
441,400
256,81
4,1
4,1
0,16
64,121
36,25
144,49
64,196
324,441
361,169
49,9
4,0
9,16
25,25
25,36
49,36
9,1
16,36
36,36
1,25
81,49
1,144
361,361
225,25
1,0
9,25
25,9
0,16
36,25
16,49
81,100
81,36
36,100
25,25
225,529
625,400
441,900
676,324
64,25
121,169
144,169
121,81
64,49
25,9
16,9
25,25
100,361
289,9
225,1024
961,289
576,2304
1600,100
225,729
625,196
64,16
1,1
16,25
16,16
9,4
0,0
9,25
36,9
9,9
0,64
324,625
576,225
81,36
9,1
16,16
9,36
49,49
36,16
4,0
1,9
25,16
1,1
1,9
36,81
1,289
676,400
100,4
1,9
0,4
4,0
16,81
81,49
4,9
16,4
0,100
324,529
256,1
25,16
81,100
49,4
4,16
0,64
144,100
16,4
4,16
25,81
81,25
0,16
49,64
81,81
49,25
4,4
0,25
196,400
484,324
64,4
49,36
9,0
0,4
25,100
64,1
1,16
49,16
0,1
9,4
25,100
144,64
9,1
0,81
225,196
16,25
9,81
196,64
1,25
81,64
16,1
4,4
1,1
36,81
64,16
4,36
25,1
1,25
16,4
0,0
0,9
49,100
100,36
1,9
9,0
16,81
121,81
4,49
144,144
16,16
25,1
1,1
49,121
81,9
0,1
36,100
100,36
1,9
49,121
169,196
100,64
16,1
16,121
324,841
961,484
121,1
49,49
100,169
100,9
9,25
49,64
36,25
4,0
9,9
4,9
16,16
4,0
9,16
9,4
4,16
49,81
81,49
16,1
1,1
9,4
4,9
4,0
9,36
100,256
289,100
16,9
36,4
1,9
9,0
16,16
25,9
1,0
16,36
121,361
400,225
16,81
529,1089
1296,1089
529,169
64,49
0,169
324,361
256,144
64,16
0,0
4,9
4,1
0,0
4,25
49,49
9,0
9,100
121,64
81,100
64,64
36,9
0,0
0,1
1,0
4,9
9,0
16,64
81,64
64,64
64,49
64,36
25,441
676,441
289,225
289,484
225,36
9,196
361,289
121,49
25,9
4,1
0,0
0,4
9,16
25,25
16,16
16,9
0,1
4,81
256,361
144,1
49,121
100,36
16,16
9,9
1,16
64,144
196,196
81,9
0,1
25,64
225,576
289,4
289,529
576,576
900,1521
841,9
144,361
361,324
225,100
64,36
16,25
25,25
9,9
16,16
0,9
49,196
324,361
324,225
121,49
25,1
9,16
49,100
121,36
1,36
64,64
64,36
9,0
9,36
9,1
25,25
9,4
1,4
16,25
36,49
49,36
4,9
49,64
81,64
49,49
9,1
64,169
196,169
225,225
289,400
196,16
16,196
256,169
144,196
225,196
64,4
121,225
169,100
49,36
16,4
9,9
16,25
49,64
16,4
81,144
121,49
0,25
49,121
169,144
81,36
4,9
4,1
16,16
1,1
9,25
36,9
1,1
4,16
4,9
64,64
225,529
361,36
1,0
1,0
4,1
4,25
36,9
4,16
1,4
9,1
4,4
0,16
49,49
16,1
1,9
81,324
289,64
16,256
225,9
16,4
0,4
4,4
1,0
9,49
121,144
144,81
25,0
25,121
81,25
0,25
4,9
4,1
100,196
144,64
100,289
324,256
64,4
81,100
64,49
49,64
36,25
16,36
49,49
16,4
1,64
121,100
81,81
144,289
225,36
4,49
25,0
1,4
16,16
4,0
1,36
64,81
36,4
4,36
64,36
0,100
225,169
64,0
64,256
361,256
121,36
16,0
9,49
36,4
1,25
4,1
1,1
0,0
1,1
0,0
9,64
49,9
9,196
324,256
169,121
49,1
9,25
64,100
100,25
0,1
0,1
36,144
169,100
49,25
25,25
16,1
0,0
16,81
25,0
4,1
1,9
25,36
9,1
9,25
25,16
25,49
16,1
4,1
81,196
225,196
36,9
81,64
9,4
64,81
49,9
1,36
25,25
16,9
4,0
4,9
9,9
1,0
0,4
16,36
49,25
25,64
64,16
0,4
9,0
36,81
100,36
1,4
36,25
0,0
0,1
25,49
49,9
0,4
49,81
49,25
9,16
25,25
9,1
4,36
4,16
49,49
16,16
49,169
169,49
0,36
81,81
81,36
1,1
16,36
64,49
16,1
1,81
121,100
49,9
0,36
169,324
196,0
121,256
225,100
25,1
16,16
9,0
1,4
9,25
49,49
9,1
9,25
16,1
0,0
0,1
9,64
100,81
49,25
16,9
4,1
9,16
36,49
25,1
9,36
49,25
4,9
25,4
4,49
49,36
16,36
36,9
0,1
1,0
0,0
0,1
9,25
25,16
9,16
9,9
0,9
16,25
16,1
1,25
121,256
256,121
25,25
36,25
9,0
9,25
36,64
49,25
16,1
4,4
4,64
64,25
1,169
441,400
196,81
100,169
121,36
4,81
144,121
49,16
4,0
0,9
36,49
0,64
256,324
196,64
1,4
0,9
9,0
0,1
9,9
1,1
9,9
16,36
64,49
9,1
49,64
144,256
256,49
25,144
121,0
81,81
25,0
25,49
36,16
9,4
0,1
25,64
49,36
9,0
4,16
9,0
0,1
49,196
289,289
100,1
36,1
0,9
16,4
0,1
4,9
4,1
0,4
16,9
0,0
4,81
169,196
49,1
0,144
225,36
4,121
144,49
16,16
9,0
9,16
16,9
4,9
16,9
4,16
25,9
4,1
0,1
16,36
0,144
289,289
169,81
25,16
4,1
16,25
25,25
16,25
25,25
16,9
1,0
0,0
1,16
49,121
121,49
49,225
196,25
9,25
16,4
16,64
100,64
9,16
64,64
64,49
16,1
4,36
64,49
16,9
16,4
1,25
4,36
144,196
49,9
64,49
36,49
64,49
25,36
36,4
25,144
289,324
225,81
16,4
25,36
49,36
4,1
9,9
1,4
0,9
64,49
16,4
0,0
1,16
25,9
1,16
36,64
25,0
36,169
289,361
400,361
196,4
16,36
4,9
4,0
0,0
1,36
4,64
196,196
81,16
0,16
25,16
16,25
9,0
0,0
0,4
1,0
9,100
196,256
144,16
0,1
4,49
49,36
16,16
0,25
81,36
25,25
16,4
9,9
16,9
1,9
64,121
64,0
49,121
49,1
4,25
100,225
144,25
1,1
9,9
4,0
1,9
16,25
16,16
9,0
9,64
121,169
81,16
1,1
9,4
1,1
1,0
16,121
196,225
100,9
4,25
49,81
64,16
4,36
64,64
49,49
49,25
0,25
25,25
9,0
9,9
9,9
25,36
16,0
25,64
1,169
225,36
4,36
36,4
9,9
4,36
16,0
9,49
49,25
9,1
4,9
25,36
16,1
1,0
0,0
9,49
81,81
81,144
100,36
9,0
1,4
25,49
64,49
49,81
81,121
81,16
4,49
100,169
256,196
81,36
9,0
4,9
36,25
1,81
121,49
1,9
16,0
36,121
64,1
16,49
49,16
9,1
16,121
256,400
400,324
169,49
4,25
100,169
225,169
144,100
100,100
49,16
0,25
100,256
361,441
324,144
36,1
4,9
1,9
16,4
0,1
0,0
9,36
9,9
49,169
225,121
1,81
225,196
64,4
16,100
81,81
25,1
16,169
225,144
4,36
100,100
81,36
4,9
36,4
1,0
0,9
25,25
16,25
81,169
169,49
0,16
9,1
16,16
1,9
36,36
25,1
4,9
0,16
25,0
9,9
0,9
16,25
0,81
225,289
196,64
121,484
576,196
1,100
225,225
169,121
81,49
9,0
16,64
81,81
81,49
9,16
81,81
25,1
1,4
16,16
25,25
36,25
1,1
9,16
49,81
121,144
100,49
0,36
64,64
25,1
16,4
1,0
1,1
0,9
9,4
1,49
121,49
9,25
9,4
25,36
16,1
1,9
9,1
1,25
100,256
256,100
49,81
25,25
81,100
49,9
1,4
4,9
9,0
4,9
0,4
16,64
144,196
169,49
4,1
9,49
100,144
49,1
9,36
25,25
64,196
441,676
625,196
0,289
784,729
484,361
400,324
100,1
25,49
81,196
324,289
81,0
25,25
49,81
64,49
9,0
1,36
121,196
100,0
25,25
4,4
25,25
49,81
25,0
25,64
36,4
16,64
36,0
36,49
25,9
4,9
9,25
16,1
16,144
441,676
484,225
81,25
0,9
64,81
81,81
81,64
36,4
36,121
144,81
4,49
121,100
1,64
121,196
289,400
441,361
144,9
0,9
4,36
121,121
64,36
16,25
81,169
64,0
25,49
36,36
64,196
256,121
16,1
36,64
81,64
25,1
1,9
9,25
144,400
361,121
9,0
1,9
4,0
1,0
1,1
16,49
25,0
81,256
196,100
49,9
0,9
16,9
9,36
121,121
16,9
36,36
36,25
4,4
4,1
4,36
16,1
16,25
1,9
100,169
196,144
49,9
1,16
9,1
16,1
1,4
81,169
81,1
49,36
1,4
16,4
9,36
100,144
16,36
144,144
100,81
36,1
9,36
64,25
0,9
25,36
9,0
0,36
256,676
400,36
81,529
576,196
1,36
81,121
196,324
324,144
36,0
25,81
81,64
16,0
4,0
36,100
81,36
1,25
16,16
25,16
49,121
196,169
64,16
4,0
25,100
121,25
0,9
16,36
100,169
121,4
16,16
0,49
81,49
9,0
16,49
64,64
49,36
4,9
64,196
225,196
100,36
9,25
49,4
4,9
49,121
81,9
4,36
25,4
4,25
9,1
1,16
16,0
1,0
25,144
169,64
25,36
16,1
0,16
16,4
1,64
169,169
36,9
144,324
289,64
16,121
256,361
121,0
49,64
36,9
4,1
0,0
1,9
49,64
100,121
121,81
16,16
81,64
16,0
1,0
4,36
49,81
144,196
121,25
0,0
9,25
1,16
64,121
49,1
1,1
25,36
9,9
49,81
121,100
25,0
9,25
25,25
16,16
4,0
16,64
169,144
36,0
0,64
256,324
196,36
1,9
1,4
4,0
4,9
4,1
16,36
81,36
0,64
196,324
169,4
81,289
169,0
81,121
81,36
4,4
1,0
9,49
49,16
1,1
4,4
1,1
4,16
9,0
9,25
16,16
9,0
0,4
0,4
25,100
144,121
144,196
100,9
16,100
81,9
0,9
64,64
1,289
576,441
81,9
49,25
9,25
9,1
9,16
9,1
0,0
4,9
16,4
0,1
1,1
25,49
9,64
81,0
9,9
16,256
361,196
16,16
49,25
4,0
0,1
4,25
49,36
4,4
100,289
400,324
121,0
196,625
1369,2209
1764,676
144,1
49,324
576,529
289,81
16,1
1,4
1,0
9,9
4,4
1,16
64,121
144,144
25,36
196,225
121,4
36,81
49,100
100,36
64,144
144,64
16,1
1,1
9,16
16,4
0,25
100,196
289,361
169,4
169,1024
1369,961
529,289
64,0
100,576
729,361
81,25
49,25
1,16
121,256
144,4
16,36
1,36
121,100
36,1
4,1
36,169
81,4
144,225
64,36
121,36
4,9
25,36
9,0
9,36
36,36
9,0
49,196
361,400
324,225
81,1
0,0
0,1
25,400
484,121
0,25
25,9
9,4
16,36
36,16
1,25
36,9
4,64
100,121
81,36
0,9
16,1
4,16
16,36
49,81
49,4
4,25
64,144
196,121
81,49
9,0
49,225
400,361
196,25
0,1
25,64
81,81
49,16
1,1
9,9
9,1
9,49
36,16
4,49
81,49
1,9
4,1
9,16
9,0
0,4
16,16
1,4
9,1
1,4
1,1
9,16
25,16
16,4
4,16
4,0
0,4
9,1
4,1
1,16
36,36
25,25
16,25
4,4
36,49
25,1
1,0
4,36
121,144
36,1
16,25
4,0
0,4
16,36
64,64
9,0
1,1
4,16
16,25
16,9
1,1
9,25
16,0
4,4
1,0
0,0
1,25
36,16
0,16
16,1
0,0
1,49
169,289
256,144
9,49
169,144
64,4
1,64
144,81
16,1
16,0
1,1
25,36
16,1
36,64
81,169
256,289
169,16
9,64
100,100
49,4
0,1
9,100
121,49
16,361
625,324
121,49
16,4
1,25
49,36
16,0
4,9
16,25
16,1
9,49
64,49
9,4
49,100
144,196
144,49
0,16
16,1
0,0
4,25
25,25
36,25
49,64
9,1
25,81
144,225
169,49
0,25
144,196
289,400
289,169
121,64
16,0
16,81
100,49
36,25
25,16
4,4
4,4
0,4
36,81
169,169
64,1
9,36
36,25
9,4
0,9
25,49
81,144
144,36
36,121
144,144
81,4
1,9
25,25
25,64
81,64
36,4
4,9
16,1
4,49
100,64
64,100
121,100
25,0
0,4
9,16
4,4
9,16
4,0
1,1
0,1
4,100
169,121
25,36
225,289
169,81
16,1
25,100
25,9
81,169
121,9
36,256
225,36
9,81
81,16
1,0
25,121
169,121
64,16
1,1
36,81
121,169
100,25
0,1
25,64
81,100
121,196
49,0
4,4
1,9
0,4
4,4
1,0
0,9
25,64
100,121
64,36
36,16
0,16
64,81
100,100
81,64
36,9
4,36
1,49
169,225
196,144
121,144
81,9
4,36
64,81
49,25
9,4
4,4
0,0
0,1
1,4
36,49
36,4
16,100
36,9
144,225
36,81
64,16
196,324
289,121
36,9
0,16
36,36
25,36
36,49
36,16
25,4
1,1
49,196
400,361
144,9
1,0
1,4
49,121
64,16
0,4
9,36
49,64
25,4
100,196
49,9
289,961
1369,1225
529,64
25,169
225,196
121,81
36,4
0,0
0,9
16,36
36,49
25,1
1,25
64,121
169,196
256,361
225,64
1,144
289,225
81,9
4,49
100,100
100,81
81,49
9,0
16,25
49,64
64,49
16,0
64,361
400,225
169,100
4,1
1,4
25,49
36,16
25,16
1,1
9,36
36,36
25,4
1,4
16,16
4,0
25,81
81,100
100,64
16,0
4,0
1,4
16,25
16,1
9,64
144,196
100,4
9,16
1,4
9,1
16,1
1,36
144,36
1,25
36,36
4,1
1,0
9,121
361,676
529,144
4,16
4,25
49,9
25,196
324,324
121,0
49,121
81,4
0,36
121,100
49,9
0,0
0,0
0,1
16,16
25,9
0,9
16,4
4,16
100,196
121,4
9,25
25,49
100,256
256,144
36,4
0,9
25,16
0,25
81,100
81,25
4,0
9,9
1,100
81,0
49,121
64,16
64,16
1,1
4,1
25,25
25,9
1,25
36,36
25,1
4,4
49,289
576,729
361,16
1,4
36,81
9,49
196,289
121,16
9,25
49,9
1,0
4,16
25,25
16,4
1,4
9,0
1,4
9,1
4,100
144,64
49,81
121,144
121,144
49,0
36,121
100,36
9,4
16,36
25,1
1,49
121,121
100,81
4,16
64,81
9,49
121,64
16,25
81,225
225,81
9,0
4,36
100,100
100,121
121,100
36,4
0,1
9,9
64,169
225,100
121,289
324,100
0,25
9,1
4,0
16,36
25,4
9,100
144,100
49,9
4,81
289,324
225,100
36,0
36,100
144,121
81,36
49,81
100,64
16,1
1,9
16,1
0,4
1,0
4,25
25,4
0,9
36,100
100,100
25,0
36,196
324,256
169,169
225,225
144,25
4,36
81,144
225,121
36,4
4,16
9,0
1,0
0,1
9,49
64,36
36,81
100,81
9,9
36,9
0,9
49,144
144,49
1,49
121,100
25,1
49,36
9,0
0,9
49,144
196,144
64,9
0,0
4,16
49,81
64,16
1,4
9,0
16,16
9,256
576,576
100,64
81,9
121,49
1,100
196,196
64,4
0,1
4,9
25,49
64,49
36,25
9,9
4,1
1,16
25,9
9,16
0,25
121,256
400,529
400,256
64,1
49,196
324,529
361,64
4,64
36,0
4,1
0,0
1,0
0,1
16,25
49,81
100,144
225,324
289,144
49,49
9,4
49,81
64,36
36,49
36,9
0,0
1,4
4,1
1,4
1,0
9,64
121,81
81,64
36,16
1,4
4,169
256,100
1,225
289,49
4,49
64,49
49,64
81,36
1,16
121,169
121,49
9,4
100,289
289,169
49,16
1,1
1,49
144,324
289,121
0,49
169,225
256,324
256,144
25,1
9,16
4,4
4,16
9,0
9,9
1,0
1,0
25,49
81,81
4,16
36,9
0,9
9,9
4,1
0,0
0,9
81,225
289,144
81,64
0,81
196,289
100,4
1,100
289,225
64,0
9,49
121,256
324,289
225,144
100,64
25,9
1,4
1,16
81,121
81,36
36,9
4,81
225,169
36,0
9,4
0,1
0,0
1,1
4,9
25,64
64,25
4,9
81,144
121,16
25,169
324,529
400,144
16,0
0,0
9,100
225,225
144,25
0,0
0,0
1,0
1,25
81,225
361,361
289,169
16,49
256,289
100,0
36,100
121,169
121,81
16,1
16,9
9,25
16,0
1,1
0,1
0,16
16,4
0,9
25,64
81,100
121,144
64,0
36,100
144,144
100,36
16,4
1,36
81,81
100,121
144,144
100,36
0,100
196,121
100,49
4,9
49,81
64,25
64,196
289,289
9,169
256,16
16,49
16,1
9,4
4,9
4,0
4,25
49,49
9,0
4,9
0,4
9,9
1,1
1,16
196,576
441,64
9,144
100,1
1,1
9,16
16,4
0,1
1,1
0,9
64,169
225,225
225,196
81,16
1,36
64,64
64,100
81,36
16,9
1,4
16,9
9,0
9,81
169,196
144,49
9,4
9,16
25,25
1,36
81,100
81,25
1,64
121,49
9,1
16,25
9,0
1,16
49,81
144,121
64,25
0,49
49,4
9,64
36,0
0,16
100,225
169,4
36,100
36,1
0,0
0,0
4,4
1,0
1,4
9,9
0,25
49,9
0,1
9,36
81,100
100,25
9,64
64,81
64,25
25,25
25,9
25,225
256,64
1,9
16,16
0,4
4,0
0,9
25,16
16,9
0,49
225,441
361,196
81,49
100,225
121,4
9,16
16,9
25,36
49,81
64,25
25,16
16,16
1,1
36,144
144,49
9,9
25,64
16,4
36,25
4,9
36,49
81,144
169,81
25,1
1,0
4,4
4,4
16,64
36,0
64,196
196,64
4,4
9,9
4,9
9,16
16,9
1,0
9,81
169,121
16,4
4,1
16,100
121,144
169,64
0,49
144,100
64,36
16,16
4,121
225,169
64,25
4,0
4,9
16,36
25,1
4,25
36,25
9,4
0,1
0,9
25,16
25,16
1,1
1,49
36,9
0,4
0,25
64,36
1,4
36,81
100,49
1,16
144,289
361,400
196,9
16,64
64,49
25,25
25,25
16,0
1,16
9,0
0,0
9,81
144,225
100,0
36,121
36,25
121,121
36,4
4,4
1,1
9,16
64,169
225,144
16,49
256,324
169,64
9,1
1,0
0,1
1,4
25,121
169,169
81,16
1,1
0,9
0,49
169,169
25,16
121,121
64,36
36,49
36,9
1,16
9,1
0,0
0,9
81,196
100,0
9,0
0,4
1,1
1,0
4,25
16,16
1,1
16,64
100,100
49,4
25,196
324,400
324,196
100,36
9,0
0,0
4,16
49,81
100,49
9,0
1,1
1,64
64,0
81,256
324,289
144,121
144,121
25,9
81,100
49,1
1,0
0,1
1,0
1,4
4,16
16,1
9,121
144,64
0,25
25,0
64,225
324,324
100,9
100,64
25,16
16,25
16,1
16,25
9,1
0,4
4,0
4,9
25,25
25,36
64,121
81,16
0,0
25,121
169,100
36,1
4,9
1,1
4,25
64,100
144,121
81,49
16,1
9,64
64,49
1,16
0,144
289,196
36,1
25,36
25,16
0,9
100,289
289,100
9,9
16,4
0,0
0,0
1,25
49,64
16,0
4,4
1,4
16,25
64,64
4,100
361,625
400,49
1,16
9,16
25,36
25,0
9,25
36,25
9,0
0,9
9,0
16,49
49,36
1,36
144,225
196,100
25,0
16,4
1,0
0,0
0,16
25,25
1,1
16,4
1,16
16,4
1,0
4,1
49,121
144,81
25,9
4,1
0,9
16,16
4,1
0,4
16,9
1,0
0,0
0,1
1,64
144,196
144,49
9,1
1,4
1,4
16,9
1,1
1,0
0,0
0,0
0,0
1,9
4,0
4,9
36,100
64,25
1,1
4,16
4,1
4,1
0,0
9,25
25,25
16,4
1,1
0,1
4,1
1,0
0,4
16,36
36,16
0,9
36,16
0,4
16,16
9,9
4,4
9,36
49,25
9,9
4,1
4,36
49,16
0,4
9,16
36,64
100,100
49,0
9,1
0,0
1,4
9,4
1,49
49,4
16,100
49,1
36,16
4,0
16,81
100,81
64,36
36,49
36,25
9,0
9,9
4,4
25,49
25,0
9,4
0,16
16,4
64,100
64,36
49,64
36,4
1,4
1,1
9,4
4,1
0,0
0,0
1,4
0,4
25,64
81,64
64,81
36,4
4,49
121,49
9,1
25,25
25,16
25,25
36,4
1,9
25,25
9,1
36,25
36,64
64,49
25,25
49,49
16,1
16,25
25,9
0,9
16,36
25,1
1,16
49,81
64,9
9,64
81,81
121,225
196,81
4,4
0,64
81,25
0,36
49,16
16,9
4,1
4,9
16,16
0,16
36,16
9,4
1,0
1,1
36,169
169,81
16,1
4,1
0,4
9,4
4,1
0,0
1,9
16,9
0,9
9,0
0,0
0,0
1,9
16,16
25,64
36,4
1,4
0,16
25,9
1,0
4,36
49,25
0,81
100,16
9,100
100,36
0,36
144,144
49,4
9,36
36,25
16,16
25,49
49,25
49,100
144,169
144,100
1,81
144,25
4,0
0,1
4,4
4,1
0,1
16,81
36,1
4,9
4,9
36,196
400,576
400,169
36,0
9,16
25,49
49,1
25,49
36,9
4,100
225,169
36,0
16,16
49,100
144,121
16,25
64,16
16,144
121,9
4,36
16,1
0,1
4,9
36,49
64,64
36,16
0,0
9,16
1,9
25,64
64,9
4,1
1,9
81,169
196,121
25,1
100,324
529,576
289,64
4,0
1,25
25,4
0,1
1,0
4,9
9,4
4,1
1,9
16,25
25,25
0,49
121,49
1,36
81,81
169,729
1225,1024
289,9
256,256
81,16
16,36
81,81
49,36
25,36
16,1
9,49
49,36
64,121
196,289
144,1
9,9
16,9
0,4
1,0
1,9
121,225
100,4
36,169
256,100
1,9
25,25
36,36
36,49
49,36
36,16
1,1
25,144
100,1
36,196
225,121
49,0
36,81
100,64
100,121
49,1
9,25
16,0
4,0
0,1
16,25
4,0
4,1
4,36
64,25
9,121
100,0
36,36
25,36
1,16
16,9
81,121
64,9
1,1
1,36
64,49
36,4
1,49
144,196
144,16
1,64
225,196
9,144
289,100
1,9
9,4
4,25
16,0
16,25
0,25
16,1
49,144
225,289
289,144
25,1
1,9
1,0
0,9
64,196
196,49
1,1
16,36
64,81
81,49
16,9
1,1
0,0
0,4
16,9
1,1
4,4
16,49
49,16
0,49
196,441
576,441
324,256
196,64
9,289
529,324
144,100
64,16
1,36
36,9
1,1
4,0
4,16
4,0
25,169
361,529
324,81
25,4
1,9
16,9
9,4
4,9
9,9
4,0
1,9
36,36
25,4
1,16
16,16
0,36
81,100
25,0
1,25
64,36
16,16
1,0
1,4
9,16
16,9
1,0
4,4
9,0
25,81
36,9
324,1156
1225,729
289,100
1,64
196,324
289,169
64,9
0,0
0,0
0,1
9,9
4,4
1,0
0,16
121,484
729,729
441,100
4,196
400,225
49,1
1,1
9,49
49,36
9,0
0,25
16,0
16,121
144,100
81,36
25,49
36,4
1,25
64,49
25,16
36,49
64,36
0,64
121,100
81,36
4,0
16,64
36,1
100,196
289,289
144,36
1,4
25,25
4,0
1,0
1,9
25,16
9,9
16,64
64,16
16,169
225,144
100,81
81,144
144,144
121,121
100,25
1,100
324,324
144,25
9,16
16,25
4,4
64,121
144,121
49,0
0,25
36,16
9,1
0,1
0,1
1,1
1,1
1,0
0,4
0,1
16,49
49,81
144,64
36,49
25,4
1,4
9,1
1,0
0,1
1,9
25,25
9,4
0,49
121,100
121,196
121,9
1,4
9,9
9,9
0,25
81,121
64,0
4,4
49,9
9,25
4,0
4,16
49,100
121,64
16,25
36,64
36,9
4,16
64,64
16,1
0,16
49,144
169,64
25,0
9,4
0,0
4,16
25,25
9,1
9,49
81,49
1,25
36,9
1,25
25,9
0,9
4,1
9,16
16,9
25,49
64,64
49,49
25,4
1,1
1,4
49,144
196,196
81,9
0,16
64,100
144,121
25,0
16,9
0,25
81,81
121,144
144,100
16,1
1,4
4,1
0,1
0,4
16,9
0,25
121,64
4,25
49,25
25,4
0,4
49,144
169,16
36,100
49,0
16,4
36,9
0,16
49,9
0,4
0,1
4,25
36,25
16,16
0,25
64,36
0,49
225,484
400,144
121,256
324,196
81,0
49,144
225,256
196,196
144,100
64,36
16,1
0,4
25,100
169,196
121,16
0,4
16,9
4,1
1,4
4,1
1,16
16,0
25,64
49,16
16,36
64,121
121,64
0,144
196,100
0,81
169,144
64,0
49,196
169,36
16,225
225,100
0,81
64,16
1,0
4,16
36,25
4,0
4,9
4,1
1,1
0,16
64,121
100,49
36,64
100,100
9,16
64,9
9,64
100,100
49,25
4,0
36,225
361,225
64,1
0,0
0,0
16,49
64,64
36,25
25,16
9,9
0,4
0,36
144,169
169,100
25,0
0,1
4,81
196,225
121,25
9,169
121,9
49,256
121,9
169,324
324,196
121,144
324,529
196,9
324,484
289,169
81,49
64,49
9,4
64,196
256,361
361,225
64,1
4,25
25,4
4,25
36,9
0,1
0,9
36,49
0,121
324,441
289,36
9,81
64,0
100,169
49,4
1,0
1,9
1,0
0,4
1,36
196,529
169,121
784,1156
784,256
36,0
0,4
16,36
25,9
1,0
1,4
9,16
4,1
1,1
9,9
1,9
64,81
81,64
25,4
4,36
100,64
16,4
1,16
9,1
16,121
256,400
169,0
25,36
64,144
225,324
256,49
4,25
16,1
0,0
0,4
16,4
1,36
64,49
49,49
49,49
49,36
25,25
16,25
25,16
0,1
16,25
16,25
64,144
196,196
1,256
900,1369
961,400
256,324
81,121
784,841
81,225
484,169
4,121
169,144
100,64
64,64
64,49
9,0
9,49
81,64
16,0
4,64
9,9
0,16
64,144
196,225
144,36
9,9
16,16
9,4
4,16
16,16
16,4
1,4
0,0
0,1
1,16
64,49
16,1
0,9
64,100
64,9
1,4
4,1
9,36
81,81
36,16
1,36
100,196
225,144
36,16
64,81
36,16
25,49
121,169
144,100
100,169
144,100
16,16
64,144
196,144
121,100
36,9
0,16
25,36
16,9
9,81
121,100
49,9
0,4
9,16
36,25
25,1
1,16
25,36
36,49
25,1
25,225
361,225
49,1
64,100
49,0
1,0
9,25
16,0
4,9
9,16
36,36
0,100
121,16
25,256
400,400
289,169
100,36
1,36
121,196
225,225
196,121
49,1
25,121
169,256
225,144
49,25
16,4
0,0
1,16
25,9
1,4
16,9
4,0
1,4
0,25
81,100
100,36
1,36
64,49
49,64
16,25
169,144
121,100
100,121
64,16
0,9
9,16
9,4
9,4
4,4
9,4
1,9
25,81
121,100
64,144
121,100
25,0
49,121
121,81
36,16
1,0
4,25
49,49
64,121
100,49
4,9
9,0
0,0
4,9
25,16
4,0
0,16
16,1
25,144
324,529
484,289
256,289
121,1
81,121
144,225
169,100
25,16
9,25
36,25
4,1
4,100
225,196
100,64
36,25
25,25
49,64
16,36
121,121
4,64
169,169
64,4
1,4
0,4
0,36
121,100
25,0
9,25
25,9
4,1
16,49
4,36
121,144
289,529
441,324
121,0
81,169
144,49
0,16
16,16
0,16
25,49
49,49
9,1
16,49
36,16
0,16
4,1
16,25
25,25
25,49
81,100
81,25
0,9
0,4
4,1
0,1
0,16
49,49
36,16
1,64
81,49
49,49
49,49
64,64
49,36
4,9
81,121
100,49
36,25
16,9
9,169
400,400
256,196
121,49
9,1
36,144
121,49
25,16
1,64
64,1
16,49
36,4
36,144
256,324
121,1
64,36
0,36
49,16
1,9
16,1
0,4
1,0
16,9
9,1
0,4
49,225
196,25
0,4
1,1
9,0
0,1
1,49
81,49
0,1
0,36
36,4
9,64
49,25
0,16
25,25
16,16
4,1
0,1
4,9
4,1
0,0
4,36
100,100
64,25
16,4
0,9
25,25
16,9
16,25
1,121
361,324
100,4
16,81
16,36
81,49
0,64
121,81
49,49
16,0
64,441
576,441
169,16
1,16
0,121
196,64
0,121
196,100
64,25
25,16
16,4
1,25
64,25
1,0
1,9
16,16
9,9
36,100
196,144
64,25
9,9
0,9
100,225
256,289
81,9
81,144
121,121
121,169
100,16
1,1
25,121
144,121
16,4
81,196
324,256
121,49
25,1
1,16
36,49
81,64
49,25
25,36
36,9
16,25
25,9
1,4
9,16
9,0
9,36
25,36
16,1
4,16
9,0
9,4
1,4
16,25
25,1
0,9
0,49
121,144
49,4
16,0
16,4
0,1
0,4
16,16
16,1
0,4
9,16
49,121
100,25
4,81
121,144
64,0
0,4
49,121
100,1
25,36
16,9
1,1
16,25
64,81
81,64
64,64
16,0
25,81
81,49
25,9
0,16
64,81
49,36
36,25
9,1
0,0
1,1
4,4
1,25
16,0
1,1
4,9
0,49
64,49
16,4
64,169
256,324
289,225
121,49
9,0
4,36
49,64
64,64
64,81
49,16
0,16
81,100
144,225
256,225
49,4
16,1
9,9
0,16
36,25
9,4
16,25
4,9
25,9
4,16
49,81
64,36
16,16
25,49
36,9
0,16
49,64
64,9
9,169
225,100
25,1
16,0
1,9
4,4
9,25
25,16
4,0
0,1
0,0
4,25
81,64
49,36
16,4
9,100
196,196
121,121
121,64
4,1
9,9
16,9
1,1
36,100
169,196
49,0
9,64
100,49
25,25
36,25
16,4
0,0
4,49
144,256
225,144
100,64
16,1
9,0
4,4
9,16
4,4
25,25
25,9
4,1
0,1
16,49
49,36
9,1
0,1
1,0
9,25
25,16
25,16
9,0
0,1
0,1
1,4
9,4
1,25
36,9
0,9
16,49
49,36
16,1
0,0
1,1
0,0
4,49
64,36
25,9
1,0
4,4
1,1
25,49
16,0
9,9
4,0
9,9
0,49
169,169
64,0
9,16
81,225
289,225
256,324
256,100
9,1
25,36
25,16
25,36
49,9
0,0
1,9
9,1
4,16
36,81
121,144
81,64
36,16
4,0
16,49
36,4
1,16
9,1
0,1
9,16
4,1
0,4
25,49
64,49
49,36
36,36
36,49
25,0
9,25
36,49
36,4
1,16
25,36
25,9
9,9
16,9
4,9
4,0
0,4
16,16
1,1
16,64
81,49
4,4
25,36
25,4
4,16
16,9
0,4
1,9
100,169
169,144
121,100
49,4
1,36
64,64
64,49
49,25
1,9
25,9
16,49
64,100
81,81
25,1
0,0
0,4
9,25
64,36
9,0
1,16
16,25
49,81
100,81
64,36
4,1
16,16
4,4
16,36
16,9
0,0
1,4
9,9
4,0
1,1
16,36
64,64
36,16
4,1
0,0
1,0
1,4
9,9
4,16
4,1
16,25
9,0
4,25
36,49
64,121
81,49
16,1
0,0
1,16
16,4
0,1
4,16
9,0
0,0
0,9
49,100
100,81
16,0
1,0
0,0
4,4
4,16
16,25
25,25
9,4
0,4
9,1
0,1
4,4
4,1
0,1
1,4
25,25
16,4
4,4
9,4
4,9
4,0
9,4
4,16
9,1
1,1
4,4
9,25
49,64
81,64
49,36
25,25
16,1
1,9
4,0
4,25
36,49
4,1
1,4
9,16
4,4
4,0
9,36
144,289
324,196
64,4
16,121
121,25
0,25
49,81
64,25
16,64
81,49
4,1
9,16
16,9
1,1
9,9
0,9
16,9
1,0
0,0
0,4
9,16
25,25
36,49
16,1
0,0
0,0
4,25
36,36
25,36
49,81
49,4
1,25
36,25
25,16
16,9
1,4
36,64
64,64
49,25
16,4
0,9
16,4
0,0
0,1
25,64
49,25
1,0
9,36
49,36
25,4
0,16
49,64
144,225
225,169
49,9
0,1
9,36
36,16
4,1
0,0
1,9
16,4
1,0
0,1
1,4
9,36
25,0
1,9
49,49
36,9
1,0
0,0
1,4
4,4
4,0
0,0
1,4
0,1
16,64
49,9
0,1
0,4
4,4
1,0
9,36
49,36
9,1
9,9
16,49
81,144
169,100
64,25
9,0
0,4
9,4
4,81
81,36
4,4
25,36
49,81
64,81
49,4
4,16
25,36
25,4
1,16
25,16
9,1
1,4
4,1
0,4
9,9
4,1
1,16
64,100
64,25
4,4
4,9
4,4
1,0
1,25
36,36
16,9
0,9
16,16
16,9
4,4
0,1
4,25
36,36
49,49
16,0
9,25
36,16
0,9
25,25
49,36
25,36
36,25
9,1
0,0
0,9
36,64
64,16
0,25
25,9
1,0
1,9
16,16
4,0
4,4
0,1
16,36
36,16
16,25
36,64
36,1
1,9
25,49
81,121
49,0
4,4
0,9
9,0
16,64
121,196
196,144
81,49
25,25
9,4
1,9
16,4
1,1
49,225
289,121
16,9
64,144
169,121
81,49
16,4
1,4
1,1
1,0
16,64
81,64
64,49
9,9
9,0
4,1
0,1
0,1
16,16
25,16
9,0
4,16
25,36
9,0
4,4
0,9
4,4
49,81
64,25
16,25
16,0
25,64
36,0
36,144
169,81
9,9
16,0
16,36
36,25
1,0
0,16
36,25
9,4
0,1
4,1
0,0
0,1
4,1
1,0
1,4
4,1
1,0
0,0
0,1
1,81
144,81
9,1
9,1
16,81
121,144
100,49
16,4
0,9
25,64
64,64
25,9
0,9
16,25
36,64
64,81
49,0
4,4
0,0
1,16
16,9
0,9
36,64
49,16
0,49
121,100
25,4
16,1
25,121
196,289
289,121
9,9
36,64
64,36
9,4
4,16
25,16
4,9
49,100
169,196
144,81
25,1
1,4
1,0
0,4
9,36
49,25
9,9
1,4
4,1
1,4
1,25
64,49
49,64
49,36
9,0
4,1
4,64
81,25
1,0
0,4
1,25
64,81
25,0
64,289
361,81
0,25
100,144
121,36
16,9
9,9
9,1
1,4
4,0
0,4
9,16
16,16
1,0
0,9
25,25
9,1
25,64
64,36
36,49
100,144
81,9
1,36
49,25
36,64
64,64
16,25
64,36
9,9
16,64
121,144
100,16
0,16
36,25
25,16
0,36
100,169
121,36
25,324
361,64
1,25
36,64
64,36
9,1
0,1
1,0
4,36
64,49
64,81
81,36
36,36
9,4
25,36
36,36
36,1
9,25
36,16
1,4
4,1
1,4
1,0
1,16
9,0
25,196
324,289
121,49
9,0
25,49
36,9
0,1
0,0
0,1
9,16
4,0
1,1
1,4
9,9
4,0
16,49
81,144
100,64
16,0
9,25
49,100
49,1
9,64
225,361
441,289
49,9
121,121
16,16
100,64
16,1
1,4
0,4
16,36
36,36
25,25
4,0
1,9
16,64
81,64
49,36
9,4
1,0
0,1
4,16
25,16
16,9
9,1
0,1
1,4
9,1
1,1
4,4
1,36
81,81
81,100
81,36
9,1
0,0
4,16
9,4
1,0
1,4
1,4
4,4
1,1
4,4
1,9
64,100
64,25
9,25
25,9
16,9
4,1
1,4
1,4
4,0
1,4
36,169
169,121
16,25
81,25
0,9
9,1
0,1
1,1
4,9
16,9
4,1
4,25
25,16
9,4
9,49
64,49
81,144
169,144
100,64
9,0
25,121
169,144
100,121
100,81
36,1
16,100
225,361
324,169
64,49
49,81
81,64
4,9
49,100
49,9
4,4
25,64
100,121
81,1
25,64
81,100
121,196
256,289
225,81
1,9
36,64
81,36
1,4
16,16
4,1
0,0
16,64
49,9
0,16
64,100
144,169
169,144
81,36
1,9
36,25
16,4
1,0
0,0
0,1
9,25
9,1
16,16
4,4
16,4
4,25
36,49
49,9
1,25
25,16
1,1
16,25
49,64
49,36
9,0
0,9
36,36
16,1
25,36
36,64
16,1
25,64
49,1
1,49
144,169
64,4
25,1
4,4
1,0
1,4
9,9
4,1
9,64
81,64
36,9
1,36
64,49
16,0
9,36
64,64
25,9
9,36
81,81
81,36
4,0
9,9
4,0
4,64
121,100
25,1
36,100
100,64
49,36
9,1
1,1
4,4
4,16
16,9
4,4
25,64
49,1
25,121
256,289
100,4
81,64
16,4
4,1
49,121
121,64
36,16
36,144
169,121
16,9
49,36
16,4
1,9
9,9
16,9
0,16
100,121
100,49
9,1
1,4
4,1
9,49
25,0
1,9
16,9
1,4
4,1
0,9
25,4
1,36
81,64
25,0
9,0
36,144
100,1
16,16
0,16
36,49
49,36
16,1
1,4
1,0
4,9
9,4
1,16
36,64
16,0
4,36
36,1
4,36
36,4
0,4
16,49
144,289
225,121
49,16
9,9
1,0
0,4
9,1
0,0
1,25
36,36
49,49
9,4
81,225
225,100
49,49
49,16
0,4
9,4
1,0
4,64
64,9
4,81
144,144
100,36
16,9
1,9
9,1
4,25
25,25
4,1
4,16
36,36
36,25
1,9
25,25
25,16
16,16
25,64
64,36
16,9
1,4
16,16
25,16
1,1
9,16
9,4
4,9
25,16
0,1
9,25
36,16
4,0
1,4
36,81
121,144
81,16
1,64
81,36
0,36
81,49
1,9
16,25
16,9
0,1
16,16
9,9
16,36
36,16
1,1
1,9
25,49
49,16
4,0
9,64
100,49
9,4
0,4
16,49
49,36
25,4
9,81
100,64
16,4
9,1
1,16
16,16
1,4
25,16
4,0
0,1
4,4
4,4
4,16
25,36
16,4
1,4
16,49
49,16
0,4
36,121
64,1
16,25
25,16
1,0
0,0
4,16
9,9
9,9
16,25
25,16
0,9
9,0
9,25
25,9
1,0
0,1
0,0
0,1
16,64
64,36
4,0
4,0
0,1
1,1
4,1
1,16
1,25
64,64
4,16
64,64
16,4
64,121
121,81
81,121
36,4
81,144
196,49
0,16
9,0
9,4
1,25
81,121
121,100
64,81
49,16
9,9
0,36
49,36
16,16
1,9
36,64
100,64
16,4
36,36
9,0
9,16
25,49
49,25
1,0
4,4
1,0
1,4
4,0
4,16
25,9
0,0
0,1
0,9
49,100
144,121
81,49
25,16
0,16
36,36
36,49
36,16
4,0
0,0
1,9
16,25
49,81
121,225
256,196
121,36
1,49
81,49
25,16
16,4
9,64
64,9
1,16
25,36
36,16
4,1
25,81
100,81
49,4
0,16
100,169
64,0
64,144
121,9
4,25
36,25
4,0
1,1
1,1
1,1
4,9
36,64
81,100
81,100
49,9
16,169
225,196
81,16
0,9
16,36
49,81
100,64
36,25
16,1
9,49
25,0
9,1
4,49
36,4
1,16
16,9
9,16
36,81
144,169
121,49
25,25
16,0
25,121
81,0
16,4
4,100
100,1
36,121
100,25
0,4
4,1
25,64
49,4
1,1
1,4
4,1
0,4
9,25
16,4
0,4
9,16
25,49
64,36
9,4
4,9
16,9
25,64
64,9
1,25
49,36
16,16
9,0
4,25
81,100
64,25
1,0
4,4
4,9
9,4
0,25
64,81
64,36
16,25
36,49
9,25
64,36
4,9
49,49
16,1
0,1
4,0
9,36
36,16
1,1
16,49
36,16
4,1
9,16
4,4
0,0
0,0
1,9
49,64
64,16
1,1
0,0
16,100
64,1
9,25
16,4
9,49
36,0
64,324
289,49
1,64
49,1
9,49
64,36
16,16
9,1
9,64
196,256
121,16
4,49
36,16
9,9
25,64
81,100
196,361
361,196
100,4
9,25
49,81
121,100
36,4
1,4
0,4
9,1
0,0
1,9
25,100
144,81
64,49
36,4
1,4
16,36
16,1
4,36
49,81
36,1
25,81
81,36
9,1
9,16
4,0
1,16
16,1
16,49
81,81
36,4
25,121
100,16
1,25
16,0
9,9
1,1
0,1
0,9
16,1
16,100
144,25
16,169
289,324
324,289
144,4
25,81
49,9
1,4
25,4
0,0
1,4
4,0
0,0
9,81
81,16
0,4
1,1
9,16
9,0
0,4
64,196
289,225
81,16
1,1
0,9
36,64
49,16
16,25
36,64
81,64
0,144
361,361
289,169
121,144
81,4
0,9
25,16
9,9
9,4
25,64
81,64
16,9
100,196
81,9
1,0
1,16
36,81
169,256
100,4
4,9
16,16
49,100
100,25
1,25
25,16
25,81
100,64
81,81
81,49
9,1
81,169
144,100
4,36
100,64
121,324
196,0
49,49
49,1
4,4
1,1
1,4
0,9
36,49
49,81
25,36
225,400
324,144
49,4
0,1
4,25
81,169
144,25
1,49
144,196
225,289
289,144
25,4
81,196
64,16
169,324
169,9
64,361
324,100
16,4
4,1
1,64
225,361
256,64
4,4
0,4
4,0
1,16
49,36
1,4
81,289
169,4
121,196
121,36
0,36
49,4
9,25
49,64
81,49
0,100
121,16
1,1
1,4
1,4
121,361
400,256
121,49
16,1
4,100
196,100
25,0
9,4
9,36
49,16
16,16
4,1
25,16
0,9
16,9
4,1
0,1
1,1
16,25
9,1
49,121
81,16
16,64
121,121
64,16
1,0
0,0
1,9
9,16
4,0
1,0
0,4
0,9
16,4
0,1
0,4
4,4
0,1
16,49
16,9
100,144
196,169
121,81
36,16
0,0
1,16
25,16
1,1
25,81
121,64
16,1
0,4
4,0
0,4
9,16
36,36
25,9
1,1
0,4
9,1
16,100
121,36
0,16
36,49
9,1
36,36
49,49
9,0
4,16
16,4
0,1
9,9
25,64
169,289
196,9
9,36
25,9
4,1
16,9
0,4
9,9
4,4
4,16
4,1
36,81
81,49
4,4
9,4
0,4
9,4
0,1
1,0
9,100
169,169
196,256
361,324
121,0
121,256
289,289
196,144
81,36
1,4
9,36
64,49
49,36
100,225
169,16
0,0
1,9
1,0
1,9
9,9
1,0
4,25
49,64
81,36
0,36
36,9
4,36
25,4
25,121
256,441
256,4
36,49
25,4
0,16
36,36
49,49
25,4
0,0
4,16
64,169
196,121
64,9
1,0
0,4
4,1
1,4
16,9
4,1
1,16
49,100
100,100
64,49
36,16
9,1
1,4
4,0
0,4
49,121
64,4
16,49
81,121
121,121
36,9
36,16
1,36
81,100
64,9
0,9
9,9
16,25
49,49
36,16
4,0
1,25
81,144
225,169
121,100
16,4
36,49
16,0
16,25
25,36
16,9
4,0
16,25
4,25
64,16
0,4
16,16
0,9
25,36
36,4
25,144
289,256
81,0
100,256
225,49
1,4
16,16
9,4
0,9
25,36
9,1
64,196
256,361
289,196
81,1
9,36
64,100
100,64
36,25
16,1
0,25
49,100
121,144
169,121
49,9
0,16
49,100
121,100
49,16
4,0
4,25
25,25
9,0
0,16
100,256
361,289
169,81
16,0
25,100
100,49
25,16
9,1
0,1
0,1
1,1
81,400
441,169
36,25
25,36
4,16
36,16
4,4
4,9
9,9
4,1
4,4
0,1
0,16
9,1
100,289
324,256
196,169
100,100
64,0
49,144
169,121
36,9
0,0
0,1
4,4
1,0
4,36
81,36
9,16
81,225
289,121
25,16
16,9
0,0
4,25
36,36
49,64
64,49
25,9
0,4
4,0
9,64
121,144
81,4
4,49
36,4
1,9
16,16
4,1
25,25
0,64
169,289
225,81
9,0
0,16
36,25
0,49
64,9
9,36
25,4
1,25
9,0
1,25
16,0
9,25
36,36
49,100
121,121
64,36
36,16
1,0
4,16
16,25
25,25
9,4
36,49
9,9
25,4
25,169
256,256
196,144
49,0
64,169
196,144
81,49
25,9
0,1
4,4
9,16
25,49
36,16
49,169
196,121
36,4
0,0
1,1
1,1
0,0
4,16
25,4
1,0
0,0
1,9
36,121
169,121
121,144
100,25
0,36
81,100
81,49
25,36
16,1
4,49
100,81
81,121
196,289
256,144
9,49
81,64
25,0
1,1
9,9
9,16
16,9
1,4
4,0
4,16
9,0
0,1
16,64
169,256
441,784
400,9
49,169
169,100
36,4
0,4
4,1
1,16
25,49
49,16
0,64
196,324
289,196
9,49
121,144
4,64
144,81
100,100
36,4
4,9
16,25
25,1
4,4
0,0
9,36
81,81
81,49
9,25
225,529
625,576
361,196
144,169
121,9
49,225
324,289
256,169
81,9
9,64
100,100
49,9
0,0
4,16
49,81
16,4
64,100
64,25
121,400
400,169
36,0
9,25
49,49
25,0
25,36
16,1
1,9
16,25
49,49
16,0
25,100
121,144
100,81
49,16
0,4
16,25
16,25
36,16
4,1
16,36
64,81
100,81
36,1
4,9
0,0
0,4
16,25
36,49
36,1
1,0
0,1
0,9
36,36
36,25
1,9
49,64
100,100
64,25
9,4
16,49
64,36
9,0
25,49
81,100
121,64
16,9
0,36
64,81
81,100
64,25
16,4
1,0
0,9
16,16
4,4
4,0
1,4
4,0
4,16
25,36
36,16
4,4
1,1
4,36
49,49
16,4
4,121
400,676
400,36
4,100
121,81
36,25
16,9
16,9
1,1
9,25
36,25
36,81
144,100
100,196
121,9
25,121
100,25
4,1
4,16
9,1
1,9
36,100
144,144
81,25
9,0
1,9
16,25
16,4
0,0
9,16
49,144
100,25
0,1
4,9
1,16
81,121
64,9
0,16
25,9
1,4
25,49
36,9
1,16
25,4
0,4
25,49
81,81
64,100
49,9
1,1
1,1
16,25
9,4
1,36
64,81
49,9
1,36
36,16
1,1
0,16
49,49
25,16
9,16
4,1
0,1
1,1
0,0
0,0
0,1
4,9
16,9
16,36
49,49
16,1
9,9
9,9
9,4
1,0
1,0
4,36
25,0
16,49
64,49
9,225
441,529
484,484
196,9
9,36
49,81
64,36
9,4
0,0
0,4
9,4
4,1
0,4
16,25
25,16
25,36
36,16
16,25
36,16
4,1
1,0
0,0
0,4
1,0
4,9
4,1
4,36
49,36
9,4
0,0
1,25
49,49
9,1
9,4
1,4
9,16
25,16
9,1
1,9
25,49
49,25
16,16
9,9
9,4
4,4
1,4
4,16
16,1
0,0
9,9
16,9
1,0
4,9
0,16
36,25
1,16
16,0
16,25
25,9
4,9
4,0
1,0
0,0
1,1
4,4
4,9
4,0
0,1
1,4
25,100
121,121
36,4
4,16
16,16
25,25
9,4
25,16
1,0
4,49
64,36
49,64
25,4
0,1
4,0
0,0
1,16
25,49
16,4
1,25
36,64
64,49
25,16
9,16
9,4
1,0
0,0
0,0
1,1
4,0
1,25
49,49
25,16
9,4
4,4
1,0
4,9
1,0
9,16
9,4
1,1
0,4
25,49
25,4
0,1
4,16
49,49
36,49
64,81
64,25
9,9
36,25
9,0
1,1
4,9
9,9
4,9
16,9
0,9
16,16
4,1
1,4
9,36
36,25
25,16
16,25
9,0
0,0
4,9
4,0
4,64
49,4
1,4
0,0
0,1
9,36
49,25
25,64
100,144
100,36
25,36
9,1
64,144
121,100
64,36
4,0
25,81
81,49
36,36
49,49
36,4
0,1
4,16
9,0
0,0
1,9
9,1
1,4
9,9
16,36
25,25
9,1
0,0
1,16
49,81
100,81
64,16
0,9
25,36
9,0
1,0
1,4
9,1
1,1
0,4
25,36
64,100
144,225
169,16
25,121
121,64
16,0
0,0
4,16
4,1
25,64
36,25
25,49
36,25
25,16
16,9
4,0
9,64
64,36
9,0
25,81
100,81
81,49
25,16
16,25
9,1
1,1
1,0
9,16
9,4
1,4
25,64
81,49
9,1
36,121
225,256
196,81
16,0
4,4
9,9
4,0
4,49
100,64
25,0
9,16
9,4
9,9
1,0
16,81
100,144
144,81
16,4
25,9
0,1
4,4
4,25
25,25
1,36
81,49
16,1
4,16
36,36
49,100
121,100
36,0
9,16
16,16
36,25
16,4
0,9
25,25
25,16
25,25
4,1
0,4
16,36
64,81
64,16
4,0
1,1
4,36
100,100
64,16
1,1
16,49
100,121
81,36
9,0
4,16
1,4
36,64
64,36
16,4
1,0
9,36
36,9
1,25
36,9
1,1
0,1
9,36
49,49
36,36
25,9
1,0
0,0
0,1
4,4
16,25
9,0
4,16
25,16
16,25
49,81
100,100
81,25
1,0
4,9
36,81
64,36
16,0
0,0
1,25
25,49
81,121
81,36
1,1
1,0
1,16
25,25
9,1
0,1
0,1
1,1
1,0
1,1
9,9
1,0
1,1
1,1
4,1
4,36
36,16
16,49
64,36
4,1
9,4
0,1
1,1
1,25
100,169
144,36
4,1
9,4
4,1
1,0
1,1
0,4
25,36
4,25
64,49
16,0
9,9
9,4
9,16
16,25
36,25
16,16
16,25
25,36
64,121
100,49
0,36
121,225
144,64
9,0
1,4
9,9
25,36
49,36
25,25
25,16
9,1
0,0
1,9
16,4
1,36
49,25
0,16
49,49
36,36
64,64
36,9
1,4
9,25
4,4
49,100
100,100
25,0
16,36
25,4
4,4
16,49
64,100
81,100
64,36
9,0
0,1
4,9
1,0
1,9
16,4
0,9
16,1
0,4
25,36
36,16
9,1
4,9
4,4
4,4
1,0
9,36
25,1
4,9
4,1
4,16
16,16
1,0
0,9
9,36
36,16
9,1
0,0
0,1
1,0
0,0
0,9
49,81
100,81
49,9
4,36
49,25
4,1
0,1
1,4
9,9
9,4
0,1
0,0
4,16
16,16
9,1
0,0
4,36
81,81
49,25
16,16
4,1
25,49
64,49
49,49
4,16
81,144
100,49
9,1
1,0
4,16
25,36
36,16
4,0
1,0
0,0
1,1
1,1
1,0
0,1
0,9
25,25
16,0
4,16
9,0
1,9
25,36
36,4
1,0
1,9
9,9
4,16
9,4
0,9
16,9
0,9
16,16
16,16
49,49
25,4
1,9
25,25
4,4
36,49
16,4
0,0
1,9
0,25
81,100
36,16
100,121
144,121
169,169
121,64
1,4
9,9
4,4
16,16
9,4
0,4
25,81
144,169
144,64
1,16
36,9
4,0
0,1
9,25
25,9
0,4
16,49
49,25
9,0
1,9
16,25
36,81
81,100
81,121
121,49
9,9
4,1
1,16
25,36
49,81
81,36
4,0
1,1
4,1
16,64
121,144
121,100
25,4
36,16
1,4
16,16
1,16
25,1
1,9
16,9
16,25
49,64
49,36
25,25
9,0
16,49
64,81
36,4
4,25
25,16
49,121
121,81
25,0
1,4
1,4
0,0
1,9
16,16
25,9
0,16
49,64
25,1
25,64
49,16
4,0
16,81
64,4
16,64
49,9
1,36
64,100
81,64
25,4
0,9
25,25
4,1
25,81
49,9
0,25
16,0
4,9
9,0
1,16
16,1
16,49
144,256
169,36
4,1
16,49
25,1
49,289
225,16
16,25
1,9
9,0
0,1
0,25
121,225
324,324
100,0
25,16
4,4
0,0
1,9
4,1
16,49
25,0
4,4
0,9
9,9
0,4
49,121
169,121
64,9
4,25
4,9
49,64
9,1
4,64
256,529
225,0
169,324
169,1
49,169
100,1
36,169
256,225
100,9
9,64
81,64
16,1
4,0
9,25
16,4
4,25
49,64
36,36
64,64
25,4
0,1
4,0
0,0
25,121
144,100
16,4
49,81
49,4
4,36
64,49
16,0
36,64
49,49
16,1
1,4
0,0
4,25
49,81
100,64
36,25
16,25
9,0
16,36
25,1
9,81
81,25
1,4
1,9
36,36
1,16
16,0
9,25
16,4
0,4
9,4
0,1
4,4
9,36
144,289
169,36
0,36
100,81
25,9
1,9
81,121
100,16
0,4
4,4
4,9
0,4
36,49
16,1
25,16
1,100
121,16
16,169
121,0
49,121
100,49
25,16
25,9
1,0
9,9
9,9
25,121
64,1
169,441
625,529
324,169
49,4
9,64
121,100
49,25
16,16
4,0
1,0
1,1
1,0
1,4
4,0
1,16
64,121
100,36
25,49
81,81
25,9
4,16
16,0
9,36
81,81
49,4
4,16
16,4
1,1
4,25
49,64
25,4
1,16
9,4
1,16
25,4
1,1
0,16
49,25
1,4
64,169
196,144
100,64
36,9
0,16
4,0
1,4
4,0
1,9
25,25
0,16
36,25
9,4
4,16
1,1
16,25
36,49
64,49
36,9
4,1
0,1
4,4
1,1
9,16
25,25
9,4
1,64
49,1
36,49
49,64
36,16
0,9
36,49
9,0
25,81
169,256
196,144
25,1
49,100
36,0
16,64
100,144
64,0
36,100
81,64
64,64
36,9
4,1
1,25
121,289
225,25
4,49
16,0
4,1
1,4
49,196
256,144
64,4
0,0
0,1
1,0
1,16
25,25
4,0
4,9
9,9
4,4
1,1
1,0
0,0
0,1
0,0
9,64
121,100
49,16
4,4
1,0
1,4
9,25
25,16
9,4
1,0
16,81
169,225
196,121
25,9
36,49
16,1
1,1
4,16
1,4
16,25
16,16
25,49
49,16
9,1
0,0
1,1
0,4
4,1
4,25
49,64
64,25
16,9
4,49
64,36
1,4
49,64
81,81
144,225
36,36
144,144
49,16
16,9
4,1
4,4
0,1
0,9
64,169
169,144
36,0
0,4
4,4
81,196
100,0
64,100
36,0
1,1
81,400
400,121
36,16
9,0
4,49
36,1
4,25
144,256
64,9
64,49
9,0
1,36
36,4
1,9
49,64
36,16
49,144
225,144
81,16
9,64
64,16
0,36
81,49
16,4
1,25
25,4
0,9
49,49
25,4
1,0
4,16
25,25
9,0
1,25
25,9
16,25
81,81
64,25
0,16
64,100
81,36
0,64
196,169
196,256
256,64
1,25
36,16
64,169
144,64
4,25
64,81
100,100
64,36
4,0
0,0
0,1
9,16
9,1
0,0
0,4
36,25
16,4
0,1
4,9
16,49
25,0
9,49
49,4
0,0
0,16
49,36
9,1
1,0
4,4
0,16
4,9
81,121
81,16
4,36
64,36
16,4
0,16
36,64
64,36
1,0
9,25
36,49
49,49
64,64
64,81
36,4
0,1
9,36
100,121
121,64
4,1
16,81
100,64
49,81
81,49
9,1
25,49
16,0
1,1
1,0
4,16
16,25
16,9
16,25
36,49
25,1
4,9
9,16
1,9
64,121
64,25
4,0
1,4
16,9
1,81
100,36
0,81
81,4
9,100
49,4
9,64
81,81
100,100
64,9
1,4
9,1
0,4
16,16
4,4
4,0
0,4
4,1
0,4
36,81
49,9
0,16
4,4
16,25
1,4
9,1
1,4
1,0
1,0
1,16
16,9
25,64
49,4
1,16
4,100
256,324
144,0
49,100
100,81
64,36
4,1
16,4
0,0
0,9
36,25
25,25
36,25
16,1
0,4
1,4
4,0
25,64
49,4
0,0
1,1
0,4
4,1
25,36
25,16
4,0
4,25
9,4
36,64
121,144
64,9
9,81
100,36
9,1
0,0
0,0
0,0
0,1
0,16
100,169
196,196
144,64
16,0
1,9
9,4
0,4
16,25
25,16
16,16
9,9
4,0
9,25
25,9
9,4
16,49
81,100
100,121
36,9
81,169
169,121
16,4
64,169
169,25
25,144
196,121
49,4
4,25
25,16
9,4
1,0
0,0
1,4
1,1
1,4
4,0
0,0
4,9
36,81
100,64
64,121
169,144
25,36
169,196
100,36
4,0
0,0
1,9
9,9
9,16
16,25
9,0
4,4
1,25
64,100
121,121
100,49
1,16
49,36
16,0
16,16
16,36
25,9
0,1
16,16
16,9
1,0
1,9
25,25
16,1
9,64
64,9
4,16
25,25
25,81
100,64
25,4
1,9
25,36
49,49
16,0
0,0
0,9
36,64
64,16
4,49
100,144
121,49
0,25
64,81
36,1
4,16
36,81
64,36
9,0
1,1
1,4
4,1
1,1
4,25
25,9
9,16
36,81
64,49
9,1
1,9
16,16
16,16
9,1
0,16
49,64
36,16
16,36
25,9
0,9
1,16
81,81
49,4
0,9
1,0
0,0
1,4
25,64
169,289
144,0
100,256
361,441
484,441
196,9
9,25
16,9
1,0
1,1
25,36
49,16
1,0
4,16
64,100
100,49
16,0
4,0
4,16
16,1
1,25
36,25
9,1
0,0
0,0
0,0
4,9
9,4
0,4
16,36
25,25
16,16
4,0
1,25
49,25
0,16
25,4
0,0
0,0
1,9
25,25
25,16
25,49
49,9
1,16
16,0
1,0
16,64
36,0
16,81
81,64
49,25
4,0
9,49
64,36
0,64
144,196
169,100
100,169
121,16
1,64
121,196
144,64
9,0
4,16
25,25
4,0
0,16
81,225
225,81
16,0
4,1
1,9
49,81
36,0
64,121
81,36
1,1
9,0
0,0
1,16
36,64
81,36
9,1
4,1
0,0
4,25
49,36
16,9
1,9
4,0
9,49
81,121
144,121
121,144
121,49
25,9
1,0
0,0
0,0
0,4
16,16
1,9
64,100
64,4
9,81
100,81
9,9
36,64
81,100
49,9
16,121
121,36
1,81
121,144
81,16
1,0
0,0
0,1
1,4
4,0
1,1
1,4
25,81
81,36
0,25
64,121
49,0
9,9
16,25
64,100
100,81
49,25
25,25
4,0
4,25
25,4
0,0
0,1
1,0
1,0
25,81
100,64
25,1
4,16
25,4
0,0
0,0
4,36
81,100
49,9
0,1
36,144
289,324
196,100
25,0
9,4
0,0
0,1
4,4
4,1
0,4
16,25
16,1
0,25
49,64
49,1
9,16
16,36
81,225
256,256
121,9
1,16
25,16
16,9
1,0
1,1
0,0
4,9
16,9
4,4
9,25
25,16
16,25
9,9
0,25
49,36
9,9
16,1
0,1
1,1
0,1
0,9
16,9
4,9
49,121
144,100
81,49
16,0
4,25
36,16
1,1
0,1
4,1
1,1
1,0
4,4
9,9
16,16
16,16
9,4
9,16
16,9
9,4
1,1
4,0
1,16
25,9
4,1
0,4
9,4
0,36
64,49
9,1
1,0
4,4
0,0
0,0
0,1
16,64
64,64
36,4
0,0
0,1
1,4
4,0
9,36
25,0
16,36
64,100
100,81
4,25
64,25
16,25
49,100
36,1
25,81
81,64
121,256
289,225
256,256
100,1
64,144
81,16
9,64
100,100
64,9
0,4
4,16
25,36
49,64
49,36
16,0
1,1
1,4
4,25
64,64
36,4
0,0
1,36
49,4
4,64
49,4
1,4
4,0
0,1
0,1
1,36
100,121
49,0
25,81
64,36
0,9
49,81
100,100
81,64
36,16
0,4
25,49
64,64
25,0
16,64
121,169
100,25
1,9
4,0
4,16
36,25
16,9
1,1
4,16
36,49
16,1
9,4
4,64
121,36
0,25
9,0
1,0
0,4
25,81
100,100
100,121
100,25
4,0
16,16
25,16
36,81
121,64
4,16
100,144
121,16
9,25
36,16
9,4
0,0
0,0
0,0
0,1
16,36
16,1
1,16
36,16
9,16
25,64
121,144
64,9
0,16
25,1
4,9
0,16
49,25
9,4
4,4
1,0
4,25
64,81
81,81
49,16
9,49
81,121
81,36
16,9
9,4
0,4
16,36
81,100
100,81
36,9
0,0
1,1
4,1
16,49
121,196
169,121
81,81
16,1
36,25
4,0
0,0
0,1
4,9
4,4
4,9
16,4
9,16
16,9
16,4
0,9
9,1
4,9
16,9
1,81
100,64
16,0
9,36
36,16
1,100
169,169
121,64
9,4
16,25
25,4
0,1
0,1
4,25
36,49
49,16
0,36
49,4
0,0
4,49
121,225
196,81
9,4
9,4
1,4
25,100
64,25
0,25
25,25
9,4
16,100
121,81
16,0
16,81
36,0
9,25
25,25
25,36
36,0
16,36
25,9
0,9
64,100
64,36
16,1
4,1
1,0
4,9
16,16
16,1
1,4
9,16
4,0
16,64
81,49
16,1
9,121
289,400
361,256
100,16
0,0
9,81
144,121
64,16
9,4
0,4
4,9
16,36
25,16
9,4
4,16
25,36
16,4
4,16
25,36
36,25
9,0
4,1
4,49
36,9
4,36
64,64
25,4
0,4
9,4
0,16
64,121
49,4
4,25
36,25
16,16
25,25
16,4
1,0
1,4
25,81
100,49
16,9
1,0
9,9
16,49
64,36
1,36
81,121
64,36
9,1
4,36
36,0
4,9
1,4
25,49
49,25
1,9
49,64
36,4
1,9
0,49
169,289
121,4
9,49
9,25
64,16
0,9
1,4
25,36
25,9
0,0
1,9
9,4
0,9
49,64
49,25
1,4
9,0
25,100
121,36
9,1
0,4
1,0
1,4
1,0
16,25
25,4
4,36
36,9
0,36
100,169
100,25
1,0
1,4
4,9
9,16
4,1
36,64
81,81
16,9
81,196
144,25
1,49
144,169
196,196
144,64
49,25
25,25
9,1
1,25
49,25
4,1
4,1
0,0
4,9
9,1
0,1
4,1
1,9
16,25
16,4
0,0
4,9
16,36
16,1
1,0
49,289
729,1024
784,324
100,9
1,16
36,81
81,64
64,100
121,100
64,25
4,4
0,25
49,25
9,4
16,144
289,196
81,4
0,4
4,1
0,0
0,0
0,0
0,0
1,4
1,4
0,4
9,1
4,25
64,169
361,529
324,81
0,16
16,9
16,64
121,121
121,81
25,1
4,16
36,49
36,16
4,0
1,4
4,25
49,49
121,361
324,100
0,64
64,16
4,1
1,1
0,0
0,0
0,0
0,4
1,1
0,4
16,25
25,36
49,64
64,36
9,4
0,1
4,1
0,1
4,9
16,16
36,49
4,9
49,49
25,9
36,144
169,100
0,121
400,441
529,676
484,225
9,49
121,49
9,0
4,9
25,64
25,4
49,100
64,9
1,9
9,4
0,1
0,0
0,0
9,64
64,36
36,49
49,36
36,64
49,16
0,4
16,9
4,0
1,1
1,1
1,0
0,4
0,4
9,9
4,4
4,4
4,4
25,121
196,225
49,9
49,25
1,0
4,36
49,49
16,1
36,64
49,25
4,1
4,36
64,49
25,4
4,64
100,81
16,9
64,121
144,100
36,1
1,1
1,25
49,36
16,1
0,4
4,4
0,16
25,25
4,0
4,4
4,4
1,1
0,4
9,4
1,25
81,81
100,144
144,121
36,0
9,16
36,64
49,49
16,9
4,0
9,49
81,81
64,64
81,100
49,1
1,1
0,0
0,0
4,25
64,100
49,0
9,9
1,1
0,49
144,196
144,36
9,1
0,1
4,1
4,4
4,1
1,4
0,16
25,25
16,1
1,36
121,256
324,225
49,1
9,1
0,0
4,16
25,25
9,1
1,4
0,1
0,0
4,16
4,4
9,1
0,4
16,49
64,64
64,100
100,81
25,1
4,4
1,0
4,25
36,25
25,9
9,1
0,1
16,64
100,144
144,196
196,144
64,9
9,100
121,25
0,16
25,16
9,25
16,1
0,0
4,49
121,121
81,9
9,81
144,196
225,196
121,64
25,4
0,9
16,4
16,25
25,16
4,1
0,0
0,1
9,16
1,16
121,225
169,81
36,16
4,1
0,9
16,16
4,1
25,49
100,100
64,16
4,9
9,9
4,1
1,4
4,9
9,4
0,0
0,9
25,25
4,1
9,25
36,36
100,324
324,144
9,4
16,9
0,9
36,16
0,4
16,49
49,36
16,1
4,25
36,16
9,4
4,9
16,9
4,9
9,9
9,0
0,0
9,64
81,64
36,1
1,9
16,25
36,36
4,0
1,16
81,121
144,81
49,25
16,1
0,4
9,9
9,1
4,9
9,1
1,9
9,4
0,1
9,16
36,36
25,16
16,25
25,36
9,0
4,1
4,49
49,1
9,64
49,1
4,25
49,49
36,16
9,4
0,4
16,9
1,0
1,1
1,0
4,16
25,16
1,9
36,81
169,324
256,144
36,4
16,1
0,1
0,4
16,49
64,9
4,49
169,289
196,25
0,1
1,0
0,0
0,0
0,0
1,1
1,9
9,9
4,0
16,81
121,121
100,81
25,0
4,4
0,1
4,9
9,4
0,0
0,1
1,0
0,4
9,16
0,36
169,324
196,36
4,81
121,81
16,1
16,36
36,9
1,1
4,1
0,4
9,4
9,9
9,16
49,64
81,144
144,64
0,100
225,100
9,4
25,16
9,9
4,9
9,9
4,0
0,0
1,1
0,0
0,0
0,4
9,9
36,81
64,16
0,0
1,4
4,4
1,1
9,9
4,0
4,0
0,0
0,0
0,1
1,0
0,0
0,1
9,25
49,49
25,1
0,1
0,0
4,16
16,1
1,0
1,4
16,25
0,64
121,49
0,100
225,289
81,0
9,1
1,9
9,4
0,1
0,0
0,1
1,0
0,1
9,9
9,4
1,0
4,16
64,49
25,25
25,36
16,4
4,1
4,1
0,1
9,16
25,25
25,16
9,9
4,0
16,25
25,25
25,36
36,49
49,49
25,9
1,1
1,0
0,0
1,9
16,36
25,0
4,4
16,16
25,49
100,144
121,81
25,4
0,0
0,0
0,1
25,64
121,100
25,9
0,4
49,169
225,169
100,81
36,16
4,0
0,4
4,9
4,1
1,1
1,1
1,9
25,25
9,0
1,1
4,4
4,4
49,81
100,81
64,49
25,4
9,64
36,0
4,9
9,9
4,0
0,1
1,1
1,0
1,0
1,9
25,25
25,25
16,4
4,9
9,1
1,9
4,0
4,16
4,1
1,1
1,16
16,25
9,1
0,1
9,9
16,25
36,25
4,0
0,0
1,16
49,64
25,4
0,9
16,36
49,81
100,100
49,4
1,9
16,25
16,1
1,4
4,4
4,4
4,9
25,16
25,36
36,49
25,0
4,16
9,1
4,0
1,0
0,4
16,9
4,1
0,0
0,0
4,16
25,36
36,36
36,36
25,9
4,1
1,0
4,9
16,9
25,81
81,25
0,49
144,225
169,49
4,0
1,1
0,1
4,9
9,16
16,9
1,1
0,4
9,25
25,9
1,1
4,9
9,16
16,9
16,36
49,36
9,4
4,4
9,16
4,1
1,4
9,9
4,100
64,0
36,64
81,100
100,36
4,0
4,4
1,0
1,0
4,4
1,4
4,1
0,1
4,4
9,9
16,25
9,9
0,4
1,1
9,25
36,100
144,144
100,64
25,0
9,36
49,25
25,16
16,16
4,1
0,0
0,0
4,25
36,25
36,100
100,64
49,36
9,0
0,0
0,0
9,36
25,9
1,0
1,1
0,1
9,16
25,16
16,25
49,100
100,81
25,4
0,1
1,0
0,9
16,9
1,1
0,1
4,1
1,25
36,49
36,16
4,0
0,4
25,49
25,4
0,1
1,1
1,4
4,0
25,81
64,4
1,4
1,9
9,4
1,0
0,0
0,0
0,4
0,1
1,0
4,4
25,49
49,25
25,16
9,9
9,16
4,0
0,0
1,16
4,0
9,49
25,1
1,9
4,1
0,1
0,0
4,9
49,121
121,100
36,1
1,9
4,0
16,36
36,16
1,9
25,16
0,1
0,1
4,1
1,0
1,16
81,196
256,256
121,16
9,16
16,16
16,4
1,16
64,100
36,1
9,36
25,9
25,81
121,100
100,64
36,9
1,0
1,4
16,64
100,100
49,4
16,144
361,576
484,196
9,25
36,4
4,25
16,0
25,81
100,64
9,1
4,1
0,1
1,4
9,16
16,16
9,9
4,1
4,25
49,81
100,81
36,36
49,49
16,1
1,25
49,64
100,64
36,16
4,0
4,9
49,144
144,121
49,4
0,0
4,1
4,16
25,16
0,9
25,36
9,0
1,1
16,25
9,1
1,9
36,100
121,81
36,4
0,1
4,16
16,16
4,4
25,81
169,121
9,36
121,121
144,225
324,289
225,169
64,1
9,36
36,25
4,1
4,16
36,49
36,4
0,4
25,49
49,16
9,25
16,16
9,4
4,1
0,0
0,4
16,4
0,0
1,9
9,0
4,4
1,36
81,100
100,25
4,1
4,4
0,4
4,9
1,1
0,1
16,64
64,4
16,81
144,100
36,16
9,36
49,49
16,0
0,0
1,0
0,1
4,0
16,36
49,49
25,0
25,81
64,25
16,25
25,36
25,36
64,100
81,25
4,0
4,16
16,9
9,16
16,16
25,36
25,1
49,121
144,100
81,36
25,36
25,1
0,25
16,1
1,4
4,4
64,121
49,0
16,9
1,9
9,9
9,9
36,81
36,9
4,0
1,16
9,1
36,36
25,1
0,1
0,16
36,36
4,0
1,1
16,64
100,144
121,121
121,100
49,0
16,16
4,9
9,25
36,49
49,16
4,1
49,196
289,225
100,36
36,81
81,36
9,1
0,9
25,49
64,64
64,100
81,36
0,49
100,121
81,36
9,4
16,64
64,25
4,0
4,1
0,16
25,36
16,16
4,0
1,1
4,16
49,25
4,1
9,0
0,9
64,144
196,169
144,144
49,0
64,256
256,121
25,4
4,1
0,4
25,49
81,100
100,49
49,36
16,4
1,9
16,9
1,1
4,4
1,0
0,0
1,4
4,81
169,256
256,196
81,4
9,64
81,100
49,1
0,1
0,0
1,1
9,25
4,4
25,36
16,0
9,9
0,16
121,256
289,225
100,16
4,100
121,81
9,1
16,16
25,81
144,144
64,9
0,9
25,36
16,4
0,25
36,9
0,0
4,0
4,16
16,0
0,1
1,1
1,0
9,4
4,1
0,9
81,169
196,121
64,36
16,1
4,4
1,25
49,36
4,0
1,4
4,9
4,1
0,1
9,25
49,64
64,64
36,16
1,4
16,4
1,0
1,9
9,9
4,0
4,4
4,1
1,16
49,36
36,16
25,36
25,1
1,9
16,9
1,0
1,16
36,49
25,1
0,1
0,4
16,25
36,49
25,4
0,4
25,25
16,1
4,36
121,196
169,81
1,36
121,144
121,36
1,1
0,0
1,0
4,36
100,196
169,100
81,49
36,36
16,4
4,36
64,49
36,1
0,4
9,9
9,9
9,9
16,9
16,9
1,0
0,0
4,4
9,9
9,0
4,9
1,1
9,9
25,36
36,36
25,25
25,16
4,1
25,36
25,9
4,0
0,0
0,0
0,1
0,0
1,4
4,4
25,64
144,144
81,36
1,16
36,16
1,25
81,81
49,16
0,36
81,100
81,36
4,1
25,64
121,144
64,16
9,4
0,1
9,25
49,64
49,25
1,4
49,121
121,64
25,4
0,16
36,25
16,4
4,25
25,16
9,9
16,16
4,0
1,1
0,9
36,81
100,64
9,1
16,25
25,4
0,1
0,1
4,1
1,25
64,81
64,49
36,36
16,0
4,25
25,4
0,1
1,0
0,0
1,4
16,25
1,81
196,225
144,36
4,0
0,16
9,0
25,36
49,36
16,4
1,64
100,81
49,16
16,16
16,4
0,1
1,0
1,9
16,4
1,0
0,1
1,4
4,0
4,16
16,25
16,16
16,36
25,16
4,0
4,0
0,0
1,9
25,16
4,0
9,1
0,0
0,0
0,1
25,49
36,16
0,9
4,1
16,9
1,0
1,9
1,1
16,49
49,25
16,49
49,25
1,0
4,16
16,1
1,16
25,16
16,9
9,4
1,0
1,4
9,4
1,0
16,25
49,36
16,4
0,0
1,16
36,25
16,9
0,9
64,169
100,0
9,16
1,4
0,81
225,256
121,25
16,64
121,144
81,9
1,4
16,16
16,36
49,36
25,25
16,9
1,0
0,4
16,25
49,81
81,64
36,36
9,0
0,4
4,4
4,1
1,1
1,25
49,36
16,1
9,81
144,196
169,100
49,36
16,0
9,16
16,25
49,81
49,4
4,4
4,1
1,16
36,64
49,9
0,0
9,16
16,9
16,36
64,100
36,0
25,36
16,0
1,1
0,0
1,9
4,0
0,1
1,4
1,0
0,0
9,64
64,25
4,0
16,49
16,4
49,100
25,0
4,9
16,4
4,1
0,9
25,36
36,64
81,64
25,0
0,1
1,1
4,4
16,4
1,4
4,1
0,9
25,16
1,1
4,9
4,1
9,49
81,81
64,64
36,9
4,36
64,64
49,16
1,0
4,4
9,9
9,9
4,0
1,16
25,25
25,25
36,49
49,36
16,16
16,16
0,16
25,9
1,9
9,1
1,9
25,25
16,4
0,1
9,4
1,4
4,4
16,49
81,64
25,4
0,4
9,1
1,0
4,36
25,9
1,36
144,225
256,256
225,81
25,4
4,1
0,25
100,121
64,25
16,4
0,1
4,1
0,4
1,16
49,64
25,4
0,1
0,4
25,64
81,64
16,0
1,1
4,9
0,9
25,49
36,9
9,4
9,4
1,0
0,1
25,49
16,0
16,25
16,1
4,64
196,169
25,25
121,121
36,0
9,25
36,64
81,64
25,0
16,36
25,9
0,9
16,1
1,36
81,100
64,16
0,1
4,4
4,4
0,9
49,100
100,64
9,0
4,16
36,49
36,4
0,0
4,16
25,16
16,9
16,16
16,4
0,0
0,1
0,0
9,36
49,25
9,16
9,9
0,16
36,25
4,9
36,81
81,25
1,4
0,16
36,25
9,9
4,4
1,0
9,25
36,16
4,0
1,9
4,0
0,0
1,16
36,16
25,25
25,9
1,0
0,1
4,0
0,1
4,16
16,25
9,0
0,4
9,25
4,1
1,9
49,81
49,16
0,25
49,16
0,4
0,4
16,9
0,4
9,9
16,16
25,49
81,121
64,9
0,0
0,0
0,1
1,1
0,1
1,0
0,1
16,49
49,9
0,4
9,1
0,1
1,0
25,36
16,25
16,4
1,9
16,0
16,64
36,0
9,4
1,1
9,9
25,100
121,100
64,36
25,4
1,25
64,100
81,16
0,1
0,4
4,4
1,0
1,9
36,49
100,121
169,256
256,225
169,64
1,16
81,100
100,81
64,49
36,4
0,0
4,16
9,0
25,81
196,289
324,324
169,81
9,9
49,64
100,81
49,9
1,0
0,0
1,9
25,25
16,16
49,81
81,81
36,9
0,0
0,0
0,0
1,1
1,1
1,0
0,1
1,0
4,9
16,9
4,121
289,361
256,100
9,0
4,36
64,100
81,25
0,16
64,144
100,9
0,1
16,36
25,1
1,16
25,9
1,0
0,0
0,0
0,0
0,1
0,9
16,36
25,16
36,49
36,16
16,1
0,0
1,16
4,4
4,4
81,169
121,9
16,64
49,25
36,25
16,9
0,25
64,64
49,25
25,9
9,4
1,0
0,0
0,0
1,1
0,4
36,100
100,100
49,0
25,49
64,100
81,16
1,36
100,121
100,64
25,16
25,36
25,0
25,49
25,4
1,4
16,49
49,25
4,0
0,4
25,36
25,16
4,1
0,9
16,16
4,0
0,0
4,4
0,1
1,1
1,9
1,9
121,324
324,121
36,16
25,36
9,4
25,25
16,9
9,4
4,4
4,4
1,0
0,1
9,25
36,81
121,121
100,36
9,0
1,9
9,0
1,1
0,0
1,25
36,4
1,36
36,25
1,1
9,9
16,16
25,25
64,169
169,64
16,0
0,4
4,1
9,81
144,121
64,25
4,0
9,49
100,100
100,121
121,64
25,1
0,4
9,9
4,4
4,1
0,0
0,0
9,25
49,64
100,64
36,36
9,0
4,25
16,4
9,49
25,1
16,25
25,4
0,1
4,4
4,1
4,16
36,49
49,64
49,36
4,0
9,16
9,4
0,1
16,25
49,49
16,4
9,1
16,25
9,0
1,4
0,9
9,1
0,4
25,16
16,1
0,4
4,4
9,9
9,4
0,25
64,64
49,49
25,9
9,9
16,16
16,16
9,9
1,1
9,16
16,16
9,1
0,0
16,64
121,144
81,16
1,0
0,0
0,0
1,0
4,4
9,9
1,1
0,0
16,25
36,49
25,9
4,16
49,81
64,36
4,4
36,36
9,1
1,4
4,0
1,9
16,9
1,0
4,16
16,16
16,4
4,4
16,49
100,81
49,16
1,4
16,16
9,1
0,0
0,1
1,1
0,4
9,25
16,0
9,36
81,121
100,64
25,36
49,25
4,9
49,81
49,9
4,1
0,0
16,49
64,49
25,16
25,36
49,36
25,25
36,25
4,4
64,121
81,36
4,0
1,4
1,1
25,81
81,49
36,16
16,64
81,49
16,1
0,0
0,1
0,9
36,64
49,16
1,1
9,16
49,144
196,144
64,9
0,1
0,0
1,1
0,4
49,81
81,16
1,64
100,81
100,121
81,1
36,100
121,144
121,64
36,36
36,36
16,9
0,1
4,1
0,4
0,4
25,25
1,9
49,49
25,1
1,1
4,1
16,100
169,100
36,4
0,1
0,0
0,0
1,1
0,0
0,4
16,16
16,1
1,0
1,4
25,64
121,169
100,4
1,4
9,9
25,49
49,49
16,0
9,25
36,36
36,36
16,1
1,9
16,16
9,1
0,1
4,16
36,49
49,36
36,36
49,64
49,25
4,0
1,16
9,0
9,9
4,0
0,4
16,1
1,4
0,9
25,4
1,16
25,16
4,0
0,9
25,36
25,25
9,0
4,25
64,49
36,36
49,36
16,25
16,0
1,4
1,0
1,1
16,49
49,25
4,1
4,1
4,9
25,36
25,4
4,9
16,49
16,0
1,0
1,36
64,64
25,0
4,4
0,0
4,9
9,9
4,4
0,9
25,25
16,4
1,16
36,25
4,1
4,16
36,16
9,16
49,64
81,49
9,0
1,4
4,16
36,9
1,1
9,16
4,1
0,0
0,1
4,1
9,64
144,196
121,16
0,9
25,49
64,64
16,1
49,121
169,196
81,9
0,1
0,4
9,0
0,9
36,25
25,1
9,36
64,49
16,1
0,0
1,16
25,36
25,4
0,0
0,1
4,9
25,49
25,4
4,49
144,196
225,225
100,25
0,9
4,0
0,0
1,0
0,4
9,4
4,16
4,9
49,81
81,64
64,36
16,0
4,1
0,1
1,4
9,16
1,9
16,1
1,9
36,64
49,25
16,25
25,4
0,1
4,4
25,64
81,64
16,1
64,196
289,225
169,196
64,4
100,144
64,4
1,0
0,1
0,0
4,9
9,9
4,0
1,4
4,16
49,81
64,16
0,25
25,4
16,100
100,64
16,16
16,25
25,25
4,9
64,144
64,25
1,0
4,9
16,16
0,36
64,81
100,64
25,25
49,81
49,25
0,49
81,49
16,4
1,0
1,4
4,0
0,4
49,169
196,196
81,4
9,64
16,49
169,196
36,36
100,64
25,4
4,9
16,9
0,4
25,49
81,100
121,100
81,49
16,0
4,9
9,16
25,36
9,0
1,4
4,4
9,25
25,16
16,36
64,64
36,9
4,0
0,1
1,0
0,9
16,9
0,16
49,49
4,16
64,25
0,36
81,36
1,4
0,9
36,64
64,81
36,1
64,64
0,49
121,100
49,9
4,64
81,49
1,49
64,25
16,4
1,0
0,0
9,49
64,25
4,0
0,1
1,1
25,49
36,0
9,16
9,9
4,4
9,25
49,100
100,81
25,1
1,4
9,9
0,4
1,4
36,81
100,49
1,25
169,289
256,169
100,100
100,49
9,4
25,64
81,36
4,0
4,1
9,25
49,49
49,64
4,49
324,625
484,169
49,4
1,4
1,1
0,1
0,1
9,49
49,9
0,16
36,64
49,9
0,16
1,9
100,196
225,289
169,49
0,25
64,64
36,16
9,4
4,0
0,0
0,0
0,0
4,25
9,1
36,64
64,49
121,289
289,121
9,4
25,36
25,25
1,1
1,0
